age(kyr) mean(permil) sigma(permil)
0.000000 3.247460 0.104650
0.100000 3.246811 0.102919
0.200000 3.246648 0.101596
0.300000 3.247240 0.100767
0.400000 3.248516 0.100475
0.500000 3.250345 0.100650
0.600000 3.252511 0.100978
0.700000 3.254380 0.101296
0.800000 3.255327 0.101586
0.900000 3.254900 0.101943
1.000000 3.252782 0.102247
1.100000 3.249452 0.102345
1.200000 3.245210 0.102056
1.300000 3.240693 0.101315
1.400000 3.236253 0.100242
1.500000 3.232636 0.098879
1.600000 3.229594 0.097168
1.700000 3.227327 0.095194
1.800000 3.225531 0.093118
1.900000 3.224244 0.091056
2.000000 3.223186 0.089216
2.100000 3.222246 0.087573
2.200000 3.221201 0.086142
2.300000 3.220006 0.084885
2.400000 3.219092 0.083886
2.500000 3.218369 0.083157
2.600000 3.218131 0.082521
2.700000 3.218362 0.081965
2.800000 3.218977 0.081489
2.900000 3.219626 0.081306
3.000000 3.219967 0.081315
3.100000 3.219653 0.081421
3.200000 3.218704 0.081642
3.300000 3.217349 0.082012
3.400000 3.215474 0.082678
3.500000 3.213201 0.083772
3.600000 3.211017 0.085078
3.700000 3.208956 0.086643
3.800000 3.207017 0.088536
3.900000 3.205678 0.090855
4.000000 3.205277 0.093583
4.100000 3.205797 0.096531
4.200000 3.207268 0.099622
4.300000 3.209792 0.102800
4.400000 3.213133 0.106100
4.500000 3.217158 0.109306
4.600000 3.221391 0.112225
4.700000 3.225775 0.114811
4.800000 3.229981 0.116969
4.900000 3.233842 0.118718
5.000000 3.237517 0.120251
5.100000 3.240796 0.121449
5.200000 3.243771 0.122309
5.300000 3.246166 0.123007
5.400000 3.247829 0.123616
5.500000 3.248437 0.124193
5.600000 3.248167 0.124604
5.700000 3.247034 0.124802
5.800000 3.245796 0.124834
5.900000 3.244418 0.124756
6.000000 3.243392 0.124626
6.100000 3.243201 0.124378
6.200000 3.243453 0.123997
6.300000 3.244124 0.123418
6.400000 3.245783 0.122575
6.500000 3.248463 0.121485
6.600000 3.251595 0.120307
6.700000 3.255471 0.119112
6.800000 3.259799 0.118030
6.900000 3.264458 0.117178
7.000000 3.268824 0.116705
7.100000 3.273021 0.116590
7.200000 3.277466 0.116887
7.300000 3.281881 0.117753
7.400000 3.286095 0.119388
7.500000 3.290121 0.121813
7.600000 3.294098 0.124937
7.700000 3.298242 0.128701
7.800000 3.302826 0.133011
7.900000 3.308235 0.137783
8.000000 3.314919 0.142846
8.100000 3.322730 0.147890
8.200000 3.330997 0.152726
8.300000 3.339968 0.157081
8.400000 3.349680 0.160748
8.500000 3.360030 0.163455
8.600000 3.370682 0.165108
8.700000 3.380962 0.165702
8.800000 3.390837 0.165343
8.900000 3.399596 0.164127
9.000000 3.407132 0.162417
9.100000 3.413548 0.160345
9.200000 3.419601 0.158138
9.300000 3.425018 0.156030
9.400000 3.430082 0.154267
9.500000 3.434859 0.152968
9.600000 3.439657 0.152111
9.700000 3.444343 0.151679
9.800000 3.449089 0.151604
9.900000 3.453953 0.151817
10.000000 3.459411 0.152169
10.100000 3.465245 0.152437
10.200000 3.471992 0.152542
10.300000 3.479685 0.152436
10.400000 3.489008 0.152013
10.500000 3.499508 0.151305
10.600000 3.510946 0.150146
10.700000 3.523398 0.148496
10.800000 3.536747 0.146324
10.900000 3.550593 0.143725
11.000000 3.564642 0.140915
11.100000 3.579116 0.138263
11.200000 3.592969 0.136447
11.300000 3.606464 0.136091
11.400000 3.619645 0.137524
11.500000 3.632865 0.140670
11.600000 3.646291 0.145188
11.700000 3.660898 0.150869
11.800000 3.676665 0.157533
11.900000 3.694663 0.165027
12.000000 3.715315 0.172789
12.100000 3.738401 0.179847
12.200000 3.763873 0.185244
12.300000 3.791659 0.188144
12.400000 3.821085 0.188139
12.500000 3.851613 0.185464
12.600000 3.882085 0.181024
12.700000 3.911387 0.175853
12.800000 3.939226 0.170734
12.900000 3.964530 0.165870
13.000000 3.987077 0.161541
13.100000 4.007177 0.157416
13.200000 4.024931 0.152951
13.300000 4.040257 0.147551
13.400000 4.053578 0.140948
13.500000 4.065172 0.133372
13.600000 4.075787 0.125510
13.700000 4.086148 0.118479
13.800000 4.096531 0.113310
13.900000 4.107257 0.111034
14.000000 4.118864 0.111949
14.100000 4.131686 0.115292
14.200000 4.145823 0.120009
14.300000 4.161527 0.125280
14.400000 4.179009 0.130699
14.500000 4.198268 0.136031
14.600000 4.218510 0.141011
14.700000 4.239724 0.145407
14.800000 4.261908 0.148889
14.900000 4.285063 0.150931
15.000000 4.309242 0.151089
15.100000 4.334351 0.149058
15.200000 4.360547 0.145298
15.300000 4.387782 0.141031
15.400000 4.416430 0.137933
15.500000 4.446237 0.136940
15.600000 4.477421 0.137411
15.700000 4.509518 0.138539
15.800000 4.542047 0.140187
15.900000 4.574591 0.142188
16.000000 4.606463 0.144010
16.100000 4.637272 0.144993
16.200000 4.667143 0.144733
16.300000 4.696593 0.143429
16.400000 4.725556 0.141812
16.500000 4.754043 0.140383
16.600000 4.781854 0.139422
16.700000 4.808589 0.139199
16.800000 4.833435 0.139488
16.900000 4.856217 0.139737
17.000000 4.876980 0.139006
17.100000 4.896166 0.137037
17.200000 4.913315 0.134175
17.300000 4.928729 0.131326
17.400000 4.941994 0.129311
17.500000 4.952820 0.128516
17.600000 4.961709 0.128974
17.700000 4.969696 0.130265
17.800000 4.977236 0.131532
17.900000 4.984489 0.132019
18.000000 4.992184 0.131690
18.100000 5.000564 0.131110
18.200000 5.009374 0.131038
18.300000 5.018262 0.131439
18.400000 5.026749 0.131385
18.500000 5.033899 0.129843
18.600000 5.039476 0.126381
18.700000 5.042776 0.121195
18.800000 5.043325 0.115030
18.900000 5.040910 0.109318
19.000000 5.036301 0.105386
19.100000 5.030370 0.103483
19.200000 5.024153 0.103278
19.300000 5.018340 0.104040
19.400000 5.013958 0.105245
19.500000 5.011191 0.106532
19.600000 5.009472 0.107588
19.700000 5.008614 0.108238
19.800000 5.008604 0.108440
19.900000 5.008507 0.108300
20.000000 5.008085 0.107979
20.100000 5.007522 0.107579
20.200000 5.006587 0.107212
20.300000 5.004919 0.106829
20.400000 5.003093 0.106522
20.500000 5.000911 0.106202
20.600000 4.998264 0.105637
20.700000 4.995371 0.104707
20.800000 4.992368 0.103322
20.900000 4.989042 0.101560
21.000000 4.985500 0.099489
21.100000 4.981984 0.097080
21.200000 4.978312 0.094498
21.300000 4.974692 0.091949
21.400000 4.971040 0.089786
21.500000 4.967363 0.088301
21.600000 4.963495 0.087625
21.700000 4.959574 0.087908
21.800000 4.955259 0.089215
21.900000 4.950188 0.091539
22.000000 4.944189 0.094733
22.100000 4.937330 0.098364
22.200000 4.929741 0.102214
22.300000 4.921487 0.106023
22.400000 4.912593 0.109627
22.500000 4.903272 0.112944
22.600000 4.894097 0.115757
22.700000 4.884681 0.118070
22.800000 4.875042 0.119992
22.900000 4.865534 0.121715
23.000000 4.856418 0.123261
23.100000 4.847358 0.124474
23.200000 4.838606 0.125102
23.300000 4.830623 0.124725
23.400000 4.823695 0.123275
23.500000 4.817770 0.120891
23.600000 4.813376 0.117905
23.700000 4.811056 0.114858
23.800000 4.811259 0.112172
23.900000 4.814564 0.110107
24.000000 4.821109 0.108570
24.100000 4.829661 0.107411
24.200000 4.839421 0.106480
24.300000 4.848986 0.105756
24.400000 4.857087 0.105310
24.500000 4.862814 0.105109
24.600000 4.866067 0.104878
24.700000 4.866854 0.104545
24.800000 4.865487 0.104062
24.900000 4.862461 0.103525
25.000000 4.858568 0.102938
25.100000 4.854367 0.102192
25.200000 4.849979 0.101415
25.300000 4.845901 0.100772
25.400000 4.842133 0.100745
25.500000 4.838307 0.101758
25.600000 4.834281 0.104018
25.700000 4.830488 0.107601
25.800000 4.826928 0.112243
25.900000 4.823877 0.117583
26.000000 4.821611 0.123179
26.100000 4.820344 0.128446
26.200000 4.819626 0.133111
26.300000 4.818824 0.137052
26.400000 4.816898 0.140294
26.500000 4.813211 0.142877
26.600000 4.807649 0.144774
26.700000 4.799707 0.145906
26.800000 4.789750 0.146327
26.900000 4.778066 0.145923
27.000000 4.764940 0.144600
27.100000 4.751256 0.142420
27.200000 4.737803 0.139604
27.300000 4.724801 0.136235
27.400000 4.712807 0.132705
27.500000 4.702819 0.129492
27.600000 4.694303 0.126835
27.700000 4.687508 0.124646
27.800000 4.682399 0.123024
27.900000 4.678565 0.122260
28.000000 4.675660 0.122381
28.100000 4.673081 0.123249
28.200000 4.670679 0.124798
28.300000 4.667812 0.126840
28.400000 4.664353 0.128839
28.500000 4.659247 0.130212
28.600000 4.653105 0.130721
28.700000 4.645520 0.130224
28.800000 4.637478 0.129282
28.900000 4.630011 0.128327
29.000000 4.624154 0.127563
29.100000 4.620362 0.127113
29.200000 4.619356 0.127250
29.300000 4.621095 0.127606
29.400000 4.625773 0.127769
29.500000 4.633047 0.127560
29.600000 4.641458 0.126699
29.700000 4.649978 0.125350
29.800000 4.658013 0.123782
29.900000 4.664088 0.122269
30.000000 4.667760 0.121260
30.100000 4.669103 0.120961
30.200000 4.668236 0.121409
30.300000 4.665475 0.122519
30.400000 4.661474 0.123980
30.500000 4.656783 0.125415
30.600000 4.652229 0.126265
30.700000 4.648489 0.126228
30.800000 4.645451 0.125339
30.900000 4.644075 0.123594
31.000000 4.644250 0.121272
31.100000 4.645978 0.118460
31.200000 4.649060 0.115279
31.300000 4.653454 0.111847
31.400000 4.657442 0.108337
31.500000 4.660766 0.105093
31.600000 4.663094 0.102569
31.700000 4.663629 0.101079
31.800000 4.662190 0.100487
31.900000 4.659060 0.100499
32.000000 4.654425 0.100656
32.100000 4.648637 0.100579
32.200000 4.643073 0.100353
32.300000 4.637903 0.100020
32.400000 4.634475 0.099661
32.500000 4.632949 0.099387
32.600000 4.632883 0.099473
32.700000 4.632993 0.100178
32.800000 4.633230 0.101403
32.900000 4.632316 0.102990
33.000000 4.629807 0.104693
33.100000 4.625774 0.105886
33.200000 4.620603 0.106220
33.300000 4.614505 0.105610
33.400000 4.607545 0.104169
33.500000 4.600215 0.102283
33.600000 4.593013 0.100317
33.700000 4.586215 0.098589
33.800000 4.579671 0.097249
33.900000 4.574177 0.096660
34.000000 4.569418 0.097037
34.100000 4.565055 0.098331
34.200000 4.560958 0.100402
34.300000 4.557210 0.103167
34.400000 4.553046 0.106634
34.500000 4.548590 0.110556
34.600000 4.543834 0.115098
34.700000 4.538857 0.120181
34.800000 4.532762 0.125690
34.900000 4.525596 0.131542
35.000000 4.516951 0.137565
35.100000 4.507017 0.143209
35.200000 4.496021 0.147839
35.300000 4.485227 0.151076
35.400000 4.475178 0.153140
35.500000 4.466785 0.153985
35.600000 4.460370 0.153600
35.700000 4.455988 0.151996
35.800000 4.453591 0.148873
35.900000 4.452706 0.144668
36.000000 4.452914 0.139791
36.100000 4.453421 0.134615
36.200000 4.453197 0.129504
36.300000 4.451387 0.124688
36.400000 4.447308 0.120414
36.500000 4.440849 0.116708
36.600000 4.432394 0.113747
36.700000 4.422684 0.111571
36.800000 4.412104 0.110062
36.900000 4.401178 0.109297
37.000000 4.389821 0.109094
37.100000 4.378814 0.109266
37.200000 4.368309 0.109867
37.300000 4.359023 0.110827
37.400000 4.351504 0.111902
37.500000 4.345889 0.113251
37.600000 4.341715 0.114992
37.700000 4.339362 0.116911
37.800000 4.338905 0.119040
37.900000 4.341032 0.121370
38.000000 4.346200 0.123712
38.100000 4.353562 0.126151
38.200000 4.363009 0.128433
38.300000 4.373946 0.130607
38.400000 4.386547 0.132332
38.500000 4.400559 0.133596
38.600000 4.415570 0.134241
38.700000 4.431316 0.134255
38.800000 4.447350 0.133753
38.900000 4.463186 0.132859
39.000000 4.478324 0.131546
39.100000 4.493047 0.129817
39.200000 4.506688 0.127606
39.300000 4.519611 0.125057
39.400000 4.531449 0.122454
39.500000 4.542474 0.119832
39.600000 4.552630 0.117221
39.700000 4.562135 0.114864
39.800000 4.570857 0.112853
39.900000 4.578644 0.111282
40.000000 4.585209 0.110399
40.100000 4.590671 0.110099
40.200000 4.594825 0.110278
40.300000 4.597826 0.110646
40.400000 4.599359 0.110913
40.500000 4.599711 0.110976
40.600000 4.599461 0.110643
40.700000 4.598844 0.109777
40.800000 4.597557 0.108432
40.900000 4.595533 0.106902
41.000000 4.592948 0.105510
41.100000 4.589785 0.104266
41.200000 4.586669 0.103349
41.300000 4.584256 0.102906
41.400000 4.583559 0.103016
41.500000 4.584632 0.103638
41.600000 4.586914 0.104605
41.700000 4.589936 0.105961
41.800000 4.593085 0.107610
41.900000 4.595159 0.109345
42.000000 4.595488 0.111006
42.100000 4.594569 0.112523
42.200000 4.591825 0.113877
42.300000 4.587276 0.115124
42.400000 4.581285 0.116333
42.500000 4.574218 0.117690
42.600000 4.566092 0.119210
42.700000 4.557553 0.121059
42.800000 4.548816 0.123179
42.900000 4.539748 0.125544
43.000000 4.530066 0.128095
43.100000 4.520109 0.130571
43.200000 4.509866 0.132936
43.300000 4.499474 0.135284
43.400000 4.489218 0.137570
43.500000 4.479380 0.139717
43.600000 4.470197 0.141611
43.700000 4.462089 0.143324
43.800000 4.455044 0.144763
43.900000 4.449957 0.146023
44.000000 4.447173 0.147300
44.100000 4.446510 0.148412
44.200000 4.447731 0.149271
44.300000 4.450710 0.149998
44.400000 4.454935 0.150716
44.500000 4.460923 0.151208
44.600000 4.467927 0.151545
44.700000 4.475659 0.151553
44.800000 4.483997 0.151245
44.900000 4.492178 0.150730
45.000000 4.499855 0.150040
45.100000 4.506897 0.149085
45.200000 4.513326 0.147948
45.300000 4.518725 0.146736
45.400000 4.522998 0.145375
45.500000 4.525888 0.144051
45.600000 4.527424 0.142514
45.700000 4.527480 0.140971
45.800000 4.526534 0.139492
45.900000 4.524992 0.138014
46.000000 4.522068 0.136782
46.100000 4.518295 0.135786
46.200000 4.513850 0.134942
46.300000 4.508860 0.134433
46.400000 4.503358 0.134272
46.500000 4.497535 0.134420
46.600000 4.491481 0.135084
46.700000 4.485544 0.136237
46.800000 4.479602 0.137797
46.900000 4.473226 0.139739
47.000000 4.466732 0.142242
47.100000 4.460266 0.145203
47.200000 4.453431 0.148421
47.300000 4.446883 0.151727
47.400000 4.441244 0.154968
47.500000 4.436138 0.158023
47.600000 4.431683 0.160687
47.700000 4.428165 0.162917
47.800000 4.425540 0.164633
47.900000 4.424214 0.165883
48.000000 4.424215 0.166697
48.100000 4.425222 0.167065
48.200000 4.427032 0.166936
48.300000 4.429038 0.166361
48.400000 4.431419 0.165398
48.500000 4.434423 0.164159
48.600000 4.437891 0.162769
48.700000 4.441842 0.161343
48.800000 4.446066 0.160016
48.900000 4.449988 0.158823
49.000000 4.454000 0.157744
49.100000 4.457749 0.156917
49.200000 4.461203 0.156330
49.300000 4.464414 0.155690
49.400000 4.467247 0.155022
49.500000 4.470115 0.154327
49.600000 4.472761 0.153585
49.700000 4.475242 0.152837
49.800000 4.477776 0.151905
49.900000 4.480238 0.151013
50.000000 4.482411 0.150227
50.100000 4.484451 0.149433
50.200000 4.486155 0.148629
50.300000 4.487440 0.147771
50.400000 4.488528 0.146858
50.500000 4.489148 0.145809
50.600000 4.489264 0.144669
50.700000 4.488901 0.143446
50.800000 4.488251 0.142371
50.900000 4.486932 0.141407
51.000000 4.485073 0.140620
51.100000 4.483047 0.139977
51.200000 4.480625 0.139451
51.300000 4.477560 0.138982
51.400000 4.474179 0.138401
51.500000 4.470207 0.137888
51.600000 4.466156 0.137402
51.700000 4.461999 0.137014
51.800000 4.457265 0.136477
51.900000 4.451876 0.135994
52.000000 4.446157 0.135558
52.100000 4.439608 0.135246
52.200000 4.432716 0.134969
52.300000 4.426119 0.134775
52.400000 4.419597 0.134615
52.500000 4.412724 0.134326
52.600000 4.405591 0.133919
52.700000 4.398750 0.133466
52.800000 4.392273 0.133007
52.900000 4.386301 0.132603
53.000000 4.380615 0.132087
53.100000 4.375784 0.131507
53.200000 4.371389 0.130897
53.300000 4.367476 0.130240
53.400000 4.364675 0.129664
53.500000 4.362770 0.129253
53.600000 4.361831 0.128989
53.700000 4.361527 0.128877
53.800000 4.361766 0.128751
53.900000 4.362067 0.128794
54.000000 4.363461 0.128861
54.100000 4.365430 0.128897
54.200000 4.368085 0.128923
54.300000 4.371464 0.128873
54.400000 4.374798 0.128750
54.500000 4.378263 0.128670
54.600000 4.381939 0.128608
54.700000 4.385819 0.128582
54.800000 4.389921 0.128525
54.900000 4.394852 0.128372
55.000000 4.400442 0.128155
55.100000 4.406294 0.128031
55.200000 4.412285 0.127949
55.300000 4.418136 0.127960
55.400000 4.424357 0.127963
55.500000 4.430123 0.127897
55.600000 4.435290 0.127705
55.700000 4.439904 0.127504
55.800000 4.444431 0.127358
55.900000 4.448441 0.127335
56.000000 4.451656 0.127243
56.100000 4.453715 0.127199
56.200000 4.454508 0.127204
56.300000 4.453606 0.127285
56.400000 4.450783 0.127592
56.500000 4.446361 0.127930
56.600000 4.440918 0.128269
56.700000 4.434578 0.128775
56.800000 4.427130 0.129413
56.900000 4.419193 0.130150
57.000000 4.410858 0.130859
57.100000 4.402470 0.131508
57.200000 4.394153 0.132016
57.300000 4.386391 0.132523
57.400000 4.378797 0.133079
57.500000 4.371271 0.133647
57.600000 4.364010 0.134221
57.700000 4.357025 0.134847
57.800000 4.350168 0.135511
57.900000 4.343179 0.136088
58.000000 4.336552 0.136671
58.100000 4.330194 0.137228
58.200000 4.324126 0.137745
58.300000 4.318536 0.138264
58.400000 4.313440 0.138855
58.500000 4.308854 0.139409
58.600000 4.304732 0.139863
58.700000 4.301266 0.140112
58.800000 4.298536 0.140189
58.900000 4.297111 0.140164
59.000000 4.297323 0.139911
59.100000 4.299183 0.139337
59.200000 4.302497 0.138606
59.300000 4.306843 0.137778
59.400000 4.312522 0.136828
59.500000 4.319318 0.135752
59.600000 4.326621 0.134549
59.700000 4.334095 0.133315
59.800000 4.342038 0.131990
59.900000 4.350058 0.130647
60.000000 4.358060 0.129359
60.100000 4.365888 0.128081
60.200000 4.373856 0.126783
60.300000 4.381937 0.125552
60.400000 4.389938 0.124453
60.500000 4.397742 0.123498
60.600000 4.405471 0.122486
60.700000 4.413081 0.121420
60.800000 4.420502 0.120337
60.900000 4.428033 0.119280
61.000000 4.435756 0.118285
61.100000 4.443674 0.117390
61.200000 4.451837 0.116712
61.300000 4.460069 0.116205
61.400000 4.468448 0.115922
61.500000 4.476846 0.115916
61.600000 4.485124 0.115996
61.700000 4.493204 0.116175
61.800000 4.501604 0.116570
61.900000 4.510078 0.117081
62.000000 4.519169 0.117698
62.100000 4.529189 0.118484
62.200000 4.539925 0.119240
62.300000 4.550682 0.119858
62.400000 4.561526 0.120401
62.500000 4.572456 0.120822
62.600000 4.583081 0.120914
62.700000 4.593302 0.120747
62.800000 4.603126 0.120322
62.900000 4.612527 0.119678
63.000000 4.620634 0.118806
63.100000 4.627637 0.117711
63.200000 4.633684 0.116472
63.300000 4.639353 0.115360
63.400000 4.644527 0.114290
63.500000 4.649062 0.113361
63.600000 4.652988 0.112452
63.700000 4.656480 0.111377
63.800000 4.659235 0.110209
63.900000 4.661251 0.109080
64.000000 4.662306 0.108026
64.100000 4.662630 0.107157
64.200000 4.662551 0.106557
64.300000 4.662175 0.106233
64.400000 4.661434 0.106155
64.500000 4.660578 0.106210
64.600000 4.659876 0.106105
64.700000 4.658585 0.105924
64.800000 4.656854 0.105708
64.900000 4.654646 0.105665
65.000000 4.652499 0.105698
65.100000 4.650573 0.105735
65.200000 4.649279 0.105689
65.300000 4.647989 0.105420
65.400000 4.646643 0.104939
65.500000 4.645388 0.104408
65.600000 4.643636 0.103890
65.700000 4.641737 0.103394
65.800000 4.639907 0.102901
65.900000 4.638196 0.102561
66.000000 4.635941 0.102235
66.100000 4.633591 0.101868
66.200000 4.630682 0.101459
66.300000 4.627207 0.101105
66.400000 4.623409 0.100668
66.500000 4.619619 0.100341
66.600000 4.616005 0.100186
66.700000 4.612583 0.100281
66.800000 4.609641 0.100598
66.900000 4.606676 0.101261
67.000000 4.603736 0.102216
67.100000 4.600587 0.103234
67.200000 4.597207 0.104332
67.300000 4.593171 0.105526
67.400000 4.588731 0.106919
67.500000 4.583998 0.108724
67.600000 4.579000 0.110801
67.700000 4.573601 0.113143
67.800000 4.568041 0.115781
67.900000 4.562293 0.118778
68.000000 4.555953 0.122111
68.100000 4.549002 0.125609
68.200000 4.541815 0.129316
68.300000 4.534652 0.133264
68.400000 4.527227 0.137418
68.500000 4.519462 0.141746
68.600000 4.511462 0.146251
68.700000 4.503337 0.150848
68.800000 4.494539 0.155474
68.900000 4.485164 0.160041
69.000000 4.475454 0.164549
69.100000 4.465503 0.168900
69.200000 4.455038 0.173054
69.300000 4.444177 0.177008
69.400000 4.432960 0.180727
69.500000 4.421544 0.184210
69.600000 4.410300 0.187362
69.700000 4.398946 0.190203
69.800000 4.387436 0.192760
69.900000 4.375970 0.195068
70.000000 4.364635 0.197132
70.100000 4.353270 0.198979
70.200000 4.341870 0.200551
70.300000 4.330593 0.201847
70.400000 4.319604 0.202909
70.500000 4.309065 0.203790
70.600000 4.298749 0.204441
70.700000 4.289007 0.204865
70.800000 4.280000 0.205040
70.900000 4.271511 0.205019
71.000000 4.263491 0.204755
71.100000 4.255863 0.204201
71.200000 4.248787 0.203359
71.300000 4.242498 0.202276
71.400000 4.237041 0.201003
71.500000 4.232235 0.199511
71.600000 4.228043 0.197806
71.700000 4.224862 0.195914
71.800000 4.222894 0.193829
71.900000 4.222309 0.191741
72.000000 4.223171 0.189718
72.100000 4.225325 0.187698
72.200000 4.228644 0.185704
72.300000 4.233165 0.183690
72.400000 4.238553 0.181729
72.500000 4.244578 0.179858
72.600000 4.250947 0.178072
72.700000 4.256889 0.176374
72.800000 4.261675 0.174727
72.900000 4.265355 0.173143
73.000000 4.267789 0.171728
73.100000 4.268864 0.170469
73.200000 4.268538 0.169349
73.300000 4.266752 0.168341
73.400000 4.263436 0.167513
73.500000 4.258588 0.166876
73.600000 4.252398 0.166419
73.700000 4.244889 0.166083
73.800000 4.236337 0.165890
73.900000 4.226575 0.165748
74.000000 4.215413 0.165623
74.100000 4.203082 0.165587
74.200000 4.189887 0.165619
74.300000 4.175657 0.165701
74.400000 4.159984 0.165786
74.500000 4.143036 0.165837
74.600000 4.125432 0.165738
74.700000 4.107154 0.165443
74.800000 4.088284 0.164864
74.900000 4.069221 0.163924
75.000000 4.050449 0.162662
75.100000 4.032396 0.161049
75.200000 4.015422 0.159114
75.300000 3.999900 0.156981
75.400000 3.986657 0.154667
75.500000 3.975963 0.152530
75.600000 3.967481 0.150558
75.700000 3.961516 0.148810
75.800000 3.958043 0.147320
75.900000 3.957229 0.146204
76.000000 3.959119 0.145338
76.100000 3.963021 0.144593
76.200000 3.968622 0.143903
76.300000 3.975918 0.143224
76.400000 3.984751 0.142426
76.500000 3.994602 0.141605
76.600000 4.005209 0.140599
76.700000 4.016187 0.139325
76.800000 4.027318 0.137813
76.900000 4.038370 0.135962
77.000000 4.049101 0.133902
77.100000 4.059264 0.131755
77.200000 4.068515 0.129617
77.300000 4.076714 0.127457
77.400000 4.083703 0.125405
77.500000 4.089709 0.123682
77.600000 4.094721 0.122365
77.700000 4.098662 0.121334
77.800000 4.101214 0.120576
77.900000 4.102347 0.120075
78.000000 4.102226 0.119626
78.100000 4.100799 0.119125
78.200000 4.098571 0.118760
78.300000 4.095794 0.118464
78.400000 4.092284 0.118257
78.500000 4.087976 0.118162
78.600000 4.083330 0.118022
78.700000 4.078687 0.117892
78.800000 4.074121 0.117897
78.900000 4.069340 0.118044
79.000000 4.064541 0.118159
79.100000 4.059924 0.118232
79.200000 4.055170 0.118295
79.300000 4.050251 0.118357
79.400000 4.045632 0.118499
79.500000 4.040990 0.118739
79.600000 4.036506 0.119042
79.700000 4.032189 0.119295
79.800000 4.027897 0.119541
79.900000 4.023788 0.119866
80.000000 4.019932 0.120268
80.100000 4.016041 0.120685
80.200000 4.011869 0.121017
80.300000 4.007620 0.121323
80.400000 4.002938 0.121699
80.500000 3.997614 0.122090
80.600000 3.991747 0.122530
80.700000 3.985782 0.123008
80.800000 3.979573 0.123424
80.900000 3.973067 0.123813
81.000000 3.966370 0.124300
81.100000 3.959368 0.124672
81.200000 3.951965 0.124959
81.300000 3.944379 0.125292
81.400000 3.936399 0.125720
81.500000 3.927963 0.126124
81.600000 3.919410 0.126416
81.700000 3.910697 0.126671
81.800000 3.901824 0.126959
81.900000 3.892948 0.127113
82.000000 3.884090 0.127179
82.100000 3.875358 0.127206
82.200000 3.866482 0.127226
82.300000 3.857739 0.127084
82.400000 3.849273 0.126827
82.500000 3.841102 0.126656
82.600000 3.833151 0.126587
82.700000 3.825559 0.126567
82.800000 3.818213 0.126710
82.900000 3.811053 0.127063
83.000000 3.803948 0.127579
83.100000 3.796636 0.128145
83.200000 3.789456 0.128671
83.300000 3.782244 0.129168
83.400000 3.774871 0.129695
83.500000 3.767286 0.130221
83.600000 3.759573 0.130659
83.700000 3.751297 0.131001
83.800000 3.742490 0.131164
83.900000 3.733266 0.131126
84.000000 3.724027 0.130946
84.100000 3.714911 0.130629
84.200000 3.705923 0.130190
84.300000 3.697408 0.129673
84.400000 3.689653 0.129015
84.500000 3.682607 0.128352
84.600000 3.676703 0.127571
84.700000 3.671977 0.126908
84.800000 3.667888 0.126324
84.900000 3.665096 0.125751
85.000000 3.664045 0.125253
85.100000 3.664382 0.124797
85.200000 3.666055 0.124422
85.300000 3.669580 0.124047
85.400000 3.675285 0.123750
85.500000 3.683209 0.123552
85.600000 3.692773 0.123473
85.700000 3.704236 0.123509
85.800000 3.717942 0.123566
85.900000 3.733608 0.123866
86.000000 3.751248 0.124451
86.100000 3.770035 0.125150
86.200000 3.790179 0.125818
86.300000 3.811286 0.126494
86.400000 3.832965 0.127014
86.500000 3.854638 0.127518
86.600000 3.876386 0.128025
86.700000 3.897871 0.128423
86.800000 3.918692 0.128785
86.900000 3.938818 0.129217
87.000000 3.958087 0.129637
87.100000 3.976759 0.130110
87.200000 3.995033 0.130675
87.300000 4.012774 0.131313
87.400000 4.030095 0.132044
87.500000 4.047070 0.132825
87.600000 4.063600 0.133547
87.700000 4.079507 0.134199
87.800000 4.094991 0.134708
87.900000 4.109942 0.135050
88.000000 4.124288 0.135167
88.100000 4.137911 0.135102
88.200000 4.150572 0.134845
88.300000 4.162111 0.134431
88.400000 4.172281 0.134025
88.500000 4.181161 0.133630
88.600000 4.188859 0.133209
88.700000 4.195227 0.132707
88.800000 4.200207 0.132250
88.900000 4.203550 0.131910
89.000000 4.205358 0.131695
89.100000 4.205773 0.131683
89.200000 4.204795 0.131785
89.300000 4.202706 0.132073
89.400000 4.199346 0.132496
89.500000 4.194418 0.132866
89.600000 4.188726 0.133142
89.700000 4.182258 0.133468
89.800000 4.175120 0.133706
89.900000 4.167282 0.133856
90.000000 4.158484 0.133927
90.100000 4.149105 0.133953
90.200000 4.139596 0.133788
90.300000 4.129779 0.133272
90.400000 4.119721 0.132564
90.500000 4.109576 0.131829
90.600000 4.099402 0.130956
90.700000 4.089048 0.129947
90.800000 4.078302 0.128809
90.900000 4.067480 0.127609
91.000000 4.057090 0.126362
91.100000 4.047038 0.125018
91.200000 4.037123 0.123659
91.300000 4.027692 0.122311
91.400000 4.018783 0.121011
91.500000 4.010523 0.119677
91.600000 4.002590 0.118243
91.700000 3.995189 0.116771
91.800000 3.988410 0.115403
91.900000 3.982146 0.114275
92.000000 3.976439 0.113364
92.100000 3.971179 0.112568
92.200000 3.966630 0.111787
92.300000 3.962672 0.110991
92.400000 3.958943 0.110122
92.500000 3.955312 0.109255
92.600000 3.951955 0.108407
92.700000 3.949052 0.107570
92.800000 3.946683 0.106808
92.900000 3.944921 0.106067
93.000000 3.943231 0.105428
93.100000 3.941790 0.104880
93.200000 3.940671 0.104361
93.300000 3.939637 0.104037
93.400000 3.938861 0.103958
93.500000 3.938590 0.103949
93.600000 3.938192 0.103970
93.700000 3.937319 0.104054
93.800000 3.936047 0.104148
93.900000 3.934474 0.104327
94.000000 3.933134 0.104559
94.100000 3.931769 0.104753
94.200000 3.930033 0.105016
94.300000 3.927881 0.105303
94.400000 3.925486 0.105604
94.500000 3.922617 0.106048
94.600000 3.919455 0.106480
94.700000 3.915960 0.106910
94.800000 3.912008 0.107377
94.900000 3.907608 0.107888
95.000000 3.902172 0.108491
95.100000 3.896034 0.109172
95.200000 3.889404 0.109876
95.300000 3.882757 0.110522
95.400000 3.875433 0.111220
95.500000 3.867752 0.111877
95.600000 3.859789 0.112366
95.700000 3.851480 0.112804
95.800000 3.842479 0.113208
95.900000 3.833140 0.113547
96.000000 3.823453 0.113927
96.100000 3.813796 0.114277
96.200000 3.804237 0.114559
96.300000 3.794875 0.114768
96.400000 3.785731 0.114946
96.500000 3.776734 0.114995
96.600000 3.767870 0.114765
96.700000 3.759353 0.114389
96.800000 3.751401 0.113829
96.900000 3.744078 0.113219
97.000000 3.737596 0.112539
97.100000 3.731743 0.111808
97.200000 3.726704 0.110942
97.300000 3.722095 0.110187
97.400000 3.718159 0.109469
97.500000 3.714868 0.108830
97.600000 3.712449 0.108191
97.700000 3.710628 0.107522
97.800000 3.709367 0.106893
97.900000 3.708617 0.106356
98.000000 3.708492 0.105886
98.100000 3.708796 0.105496
98.200000 3.709603 0.105192
98.300000 3.710682 0.104938
98.400000 3.712167 0.104635
98.500000 3.714446 0.104324
98.600000 3.716846 0.104032
98.700000 3.719086 0.103693
98.800000 3.721757 0.103298
98.900000 3.724693 0.102990
99.000000 3.727264 0.102789
99.100000 3.729380 0.102713
99.200000 3.731176 0.102727
99.300000 3.732396 0.102712
99.400000 3.733091 0.102892
99.500000 3.733133 0.103266
99.600000 3.732965 0.103567
99.700000 3.733176 0.103899
99.800000 3.733800 0.104343
99.900000 3.734502 0.104859
100.000000 3.735449 0.105420
100.100000 3.736431 0.105982
100.200000 3.736974 0.106625
100.300000 3.736925 0.107255
100.400000 3.736307 0.108033
100.500000 3.735353 0.108996
100.600000 3.734377 0.110044
100.700000 3.732857 0.111118
100.800000 3.731390 0.112281
100.900000 3.730246 0.113522
101.000000 3.729545 0.114935
101.100000 3.729496 0.116396
101.200000 3.730244 0.117921
101.300000 3.731408 0.119496
101.400000 3.733418 0.121239
101.500000 3.736163 0.123167
101.600000 3.738840 0.125208
101.700000 3.741933 0.127292
101.800000 3.745140 0.129522
101.900000 3.748168 0.131966
102.000000 3.750959 0.134614
102.100000 3.753601 0.137439
102.200000 3.756127 0.140383
102.300000 3.758935 0.143248
102.400000 3.761902 0.146002
102.500000 3.764789 0.148783
102.600000 3.767765 0.151491
102.700000 3.770643 0.154149
102.800000 3.773475 0.156829
102.900000 3.776418 0.159538
103.000000 3.779299 0.162257
103.100000 3.782583 0.164965
103.200000 3.785929 0.167651
103.300000 3.789337 0.170280
103.400000 3.793231 0.172806
103.500000 3.797904 0.175122
103.600000 3.803283 0.177103
103.700000 3.809321 0.178843
103.800000 3.816233 0.180359
103.900000 3.823699 0.181508
104.000000 3.832106 0.182299
104.100000 3.840771 0.182622
104.200000 3.850195 0.182486
104.300000 3.859778 0.182032
104.400000 3.869350 0.181155
104.500000 3.879085 0.179681
104.600000 3.888999 0.177703
104.700000 3.899042 0.175231
104.800000 3.908683 0.172414
104.900000 3.917667 0.169321
105.000000 3.925428 0.165893
105.100000 3.932104 0.162144
105.200000 3.937503 0.158429
105.300000 3.942076 0.154774
105.400000 3.945741 0.151210
105.500000 3.948299 0.147906
105.600000 3.949780 0.144797
105.700000 3.950153 0.141797
105.800000 3.950023 0.138975
105.900000 3.948998 0.136450
106.000000 3.947066 0.134188
106.100000 3.944639 0.132174
106.200000 3.941809 0.130429
106.300000 3.938560 0.128888
106.400000 3.935112 0.127747
106.500000 3.931651 0.126926
106.600000 3.927921 0.126383
106.700000 3.924189 0.126192
106.800000 3.920127 0.126227
106.900000 3.916173 0.126522
107.000000 3.912357 0.127210
107.100000 3.909107 0.128224
107.200000 3.906646 0.129537
107.300000 3.904869 0.131198
107.400000 3.904143 0.133124
107.500000 3.904784 0.135366
107.600000 3.906954 0.137854
107.700000 3.910252 0.140561
107.800000 3.914998 0.143383
107.900000 3.921486 0.146226
108.000000 3.929773 0.149014
108.100000 3.939555 0.151672
108.200000 3.950432 0.154123
108.300000 3.962314 0.156193
108.400000 3.975044 0.157907
108.500000 3.988282 0.159136
108.600000 4.001523 0.159968
108.700000 4.014841 0.160347
108.800000 4.028192 0.160237
108.900000 4.041356 0.159816
109.000000 4.054382 0.159065
109.100000 4.066634 0.158011
109.200000 4.078319 0.156728
109.300000 4.089591 0.155194
109.400000 4.100023 0.153474
109.500000 4.109382 0.151719
109.600000 4.117765 0.149771
109.700000 4.125103 0.147833
109.800000 4.131317 0.145972
109.900000 4.135962 0.144225
110.000000 4.138879 0.142687
110.100000 4.140743 0.141314
110.200000 4.141777 0.140087
110.300000 4.141445 0.138912
110.400000 4.140111 0.137752
110.500000 4.138036 0.136610
110.600000 4.135538 0.135465
110.700000 4.132491 0.134232
110.800000 4.128985 0.132873
110.900000 4.125384 0.131424
111.000000 4.121572 0.129894
111.100000 4.117396 0.128300
111.200000 4.113062 0.126656
111.300000 4.108896 0.125020
111.400000 4.104509 0.123386
111.500000 4.099957 0.121868
111.600000 4.095191 0.120409
111.700000 4.090050 0.118999
111.800000 4.084419 0.117643
111.900000 4.078405 0.116373
112.000000 4.071851 0.115270
112.100000 4.064967 0.114311
112.200000 4.057720 0.113482
112.300000 4.049837 0.112748
112.400000 4.041001 0.112098
112.500000 4.031762 0.111473
112.600000 4.022077 0.110915
112.700000 4.012045 0.110413
112.800000 4.001936 0.110092
112.900000 3.991776 0.109938
113.000000 3.981257 0.109860
113.100000 3.970736 0.109849
113.200000 3.960128 0.109959
113.300000 3.949662 0.110216
113.400000 3.939287 0.110617
113.500000 3.929032 0.111221
113.600000 3.918881 0.111929
113.700000 3.908860 0.112777
113.800000 3.898883 0.113641
113.900000 3.889070 0.114645
114.000000 3.879422 0.115775
114.100000 3.870007 0.116830
114.200000 3.860747 0.117814
114.300000 3.851489 0.118764
114.400000 3.842464 0.119643
114.500000 3.833646 0.120417
114.600000 3.825122 0.121083
114.700000 3.816822 0.121729
114.800000 3.808824 0.122374
114.900000 3.801301 0.123025
115.000000 3.794353 0.123704
115.100000 3.787953 0.124239
115.200000 3.782151 0.124689
115.300000 3.777086 0.125029
115.400000 3.772520 0.125326
115.500000 3.768271 0.125538
115.600000 3.764128 0.125714
115.700000 3.760141 0.125877
115.800000 3.756397 0.126073
115.900000 3.752845 0.126254
116.000000 3.749413 0.126440
116.100000 3.745810 0.126530
116.200000 3.742225 0.126573
116.300000 3.738370 0.126627
116.400000 3.734244 0.126816
116.500000 3.730087 0.127105
116.600000 3.725804 0.127379
116.700000 3.721343 0.127668
116.800000 3.716625 0.127948
116.900000 3.711685 0.128242
117.000000 3.706445 0.128583
117.100000 3.700741 0.128940
117.200000 3.694530 0.129190
117.300000 3.687936 0.129322
117.400000 3.680895 0.129394
117.500000 3.673402 0.129439
117.600000 3.665606 0.129559
117.700000 3.657713 0.129696
117.800000 3.649510 0.129919
117.900000 3.641045 0.130202
118.000000 3.632012 0.130466
118.100000 3.622656 0.130799
118.200000 3.612835 0.131183
118.300000 3.602460 0.131710
118.400000 3.591633 0.132292
118.500000 3.580505 0.132944
118.600000 3.569026 0.133620
118.700000 3.557014 0.134338
118.800000 3.544932 0.134849
118.900000 3.532470 0.135319
119.000000 3.519348 0.135756
119.100000 3.505939 0.136111
119.200000 3.492450 0.136276
119.300000 3.478943 0.136307
119.400000 3.465108 0.136057
119.500000 3.451281 0.135538
119.600000 3.437753 0.134764
119.700000 3.424342 0.133928
119.800000 3.411151 0.132974
119.900000 3.398335 0.132001
120.000000 3.385796 0.130951
120.100000 3.373685 0.129946
120.200000 3.361947 0.128954
120.300000 3.350377 0.127906
120.400000 3.339193 0.127040
120.500000 3.328508 0.126369
120.600000 3.318257 0.125674
120.700000 3.308390 0.125104
120.800000 3.298669 0.124544
120.900000 3.289287 0.124041
121.000000 3.280366 0.123523
121.100000 3.271533 0.122923
121.200000 3.262860 0.122316
121.300000 3.254456 0.121767
121.400000 3.246244 0.121251
121.500000 3.238331 0.120780
121.600000 3.230655 0.120405
121.700000 3.223388 0.119949
121.800000 3.216435 0.119456
121.900000 3.209742 0.118916
122.000000 3.203294 0.118400
122.100000 3.197012 0.117864
122.200000 3.190766 0.117308
122.300000 3.184611 0.116859
122.400000 3.178779 0.116593
122.500000 3.173295 0.116322
122.600000 3.168002 0.115982
122.700000 3.162780 0.115675
122.800000 3.157664 0.115355
122.900000 3.152588 0.115128
123.000000 3.147508 0.115047
123.100000 3.142343 0.115016
123.200000 3.137235 0.114939
123.300000 3.132331 0.114904
123.400000 3.127681 0.114896
123.500000 3.123200 0.114888
123.600000 3.118983 0.114926
123.700000 3.115016 0.114997
123.800000 3.111202 0.115094
123.900000 3.107464 0.115244
124.000000 3.103886 0.115427
124.100000 3.100408 0.115569
124.200000 3.097066 0.115713
124.300000 3.093689 0.115844
124.400000 3.090279 0.115965
124.500000 3.086876 0.116209
124.600000 3.083500 0.116399
124.700000 3.080168 0.116514
124.800000 3.077058 0.116590
124.900000 3.074130 0.116735
125.000000 3.071221 0.116932
125.100000 3.068366 0.117103
125.200000 3.065450 0.117235
125.300000 3.062498 0.117341
125.400000 3.059538 0.117470
125.500000 3.056611 0.117606
125.600000 3.053744 0.117730
125.700000 3.050960 0.117808
125.800000 3.048189 0.117861
125.900000 3.045537 0.117969
126.000000 3.042993 0.118085
126.100000 3.040383 0.118140
126.200000 3.037816 0.118177
126.300000 3.035476 0.118205
126.400000 3.033425 0.118256
126.500000 3.031708 0.118414
126.600000 3.030357 0.118548
126.700000 3.029304 0.118705
126.800000 3.028653 0.118897
126.900000 3.028141 0.119052
127.000000 3.028001 0.119256
127.100000 3.028127 0.119547
127.200000 3.028775 0.119918
127.300000 3.029948 0.120336
127.400000 3.031639 0.120854
127.500000 3.033918 0.121498
127.600000 3.036828 0.122244
127.700000 3.040378 0.123144
127.800000 3.044580 0.124264
127.900000 3.049553 0.125491
128.000000 3.055383 0.126735
128.100000 3.061644 0.127984
128.200000 3.068467 0.129184
128.300000 3.075828 0.130407
128.400000 3.083891 0.131570
128.500000 3.092719 0.132737
128.600000 3.102408 0.133800
128.700000 3.112742 0.134877
128.800000 3.123838 0.135958
128.900000 3.136022 0.137072
129.000000 3.149422 0.138385
129.100000 3.163888 0.139766
129.200000 3.179020 0.141064
129.300000 3.194911 0.142300
129.400000 3.211999 0.143347
129.500000 3.230004 0.144252
129.600000 3.248568 0.144915
129.700000 3.267968 0.145277
129.800000 3.287655 0.145358
129.900000 3.307774 0.145040
130.000000 3.328069 0.144414
130.100000 3.348515 0.143491
130.200000 3.368884 0.142407
130.300000 3.389144 0.141104
130.400000 3.409060 0.139638
130.500000 3.428468 0.138354
130.600000 3.447640 0.137245
130.700000 3.466748 0.136368
130.800000 3.485940 0.135781
130.900000 3.505391 0.135478
131.000000 3.525366 0.135460
131.100000 3.545844 0.135616
131.200000 3.566940 0.135880
131.300000 3.588753 0.136140
131.400000 3.611206 0.136310
131.500000 3.634359 0.136250
131.600000 3.657883 0.135898
131.700000 3.681638 0.135255
131.800000 3.705540 0.134362
131.900000 3.729655 0.133116
132.000000 3.753687 0.131506
132.100000 3.777595 0.129584
132.200000 3.801279 0.127498
132.300000 3.824701 0.125331
132.400000 3.847848 0.123333
132.500000 3.870850 0.121653
132.600000 3.894020 0.120261
132.700000 3.917710 0.119247
132.800000 3.942398 0.118570
132.900000 3.968556 0.118187
133.000000 3.996556 0.118020
133.100000 4.026114 0.117853
133.200000 4.057023 0.117600
133.300000 4.089460 0.117063
133.400000 4.122885 0.116281
133.500000 4.156990 0.115336
133.600000 4.191365 0.114247
133.700000 4.225596 0.113094
133.800000 4.258943 0.111863
133.900000 4.291234 0.110524
134.000000 4.322236 0.109174
134.100000 4.352044 0.107948
134.200000 4.380870 0.106882
134.300000 4.409010 0.106022
134.400000 4.437014 0.105526
134.500000 4.465462 0.105428
134.600000 4.494587 0.105619
134.700000 4.524894 0.105985
134.800000 4.556618 0.106483
134.900000 4.590056 0.107152
135.000000 4.624789 0.108009
135.100000 4.660203 0.108765
135.200000 4.695924 0.109378
135.300000 4.731287 0.109943
135.400000 4.765114 0.110479
135.500000 4.797141 0.110928
135.600000 4.827312 0.111280
135.700000 4.855181 0.111266
135.800000 4.880356 0.110854
135.900000 4.902080 0.110147
136.000000 4.919891 0.109235
136.100000 4.934602 0.108478
136.200000 4.945747 0.107854
136.300000 4.953749 0.107479
136.400000 4.958955 0.107436
136.500000 4.962171 0.107688
136.600000 4.964293 0.107987
136.700000 4.966607 0.108327
136.800000 4.969448 0.108755
136.900000 4.972970 0.109298
137.000000 4.976888 0.109913
137.100000 4.980855 0.110526
137.200000 4.984287 0.111119
137.300000 4.986597 0.111690
137.400000 4.987698 0.112387
137.500000 4.987445 0.113291
137.600000 4.986267 0.114310
137.700000 4.984242 0.115362
137.800000 4.981634 0.116467
137.900000 4.978366 0.117646
138.000000 4.974648 0.118880
138.100000 4.970585 0.120081
138.200000 4.966247 0.121220
138.300000 4.961975 0.122264
138.400000 4.957876 0.123203
138.500000 4.954012 0.124088
138.600000 4.950245 0.124922
138.700000 4.946898 0.125736
138.800000 4.943887 0.126488
138.900000 4.940910 0.127256
139.000000 4.938207 0.128005
139.100000 4.935809 0.128712
139.200000 4.933405 0.129362
139.300000 4.930897 0.130017
139.400000 4.928578 0.130712
139.500000 4.926021 0.131447
139.600000 4.923178 0.132143
139.700000 4.920156 0.132812
139.800000 4.916960 0.133458
139.900000 4.913572 0.134147
140.000000 4.910001 0.134887
140.100000 4.906334 0.135589
140.200000 4.902365 0.136189
140.300000 4.898143 0.136743
140.400000 4.893585 0.137219
140.500000 4.888744 0.137646
140.600000 4.883750 0.137994
140.700000 4.878920 0.138329
140.800000 4.874209 0.138609
140.900000 4.869469 0.138879
141.000000 4.864907 0.139123
141.100000 4.860360 0.139271
141.200000 4.855791 0.139295
141.300000 4.851195 0.139192
141.400000 4.846659 0.139054
141.500000 4.842245 0.138875
141.600000 4.838049 0.138713
141.700000 4.834039 0.138506
141.800000 4.830274 0.138293
141.900000 4.826764 0.138087
142.000000 4.823500 0.137886
142.100000 4.820349 0.137619
142.200000 4.817373 0.137343
142.300000 4.814564 0.137067
142.400000 4.812026 0.136868
142.500000 4.809662 0.136732
142.600000 4.807415 0.136611
142.700000 4.805200 0.136445
142.800000 4.803039 0.136249
142.900000 4.800939 0.136058
143.000000 4.798925 0.135939
143.100000 4.797031 0.135885
143.200000 4.795213 0.135941
143.300000 4.793465 0.136093
143.400000 4.791781 0.136342
143.500000 4.790137 0.136647
143.600000 4.788531 0.137032
143.700000 4.786975 0.137484
143.800000 4.785458 0.137976
143.900000 4.784000 0.138604
144.000000 4.782574 0.139331
144.100000 4.781177 0.140129
144.200000 4.779822 0.141032
144.300000 4.778495 0.142018
144.400000 4.777201 0.143075
144.500000 4.775938 0.144226
144.600000 4.774712 0.145473
144.700000 4.773510 0.146769
144.800000 4.772321 0.148141
144.900000 4.771142 0.149533
145.000000 4.769978 0.150978
145.100000 4.768819 0.152421
145.200000 4.767662 0.153861
145.300000 4.766517 0.155337
145.400000 4.765379 0.156839
145.500000 4.764240 0.158354
145.600000 4.763101 0.159872
145.700000 4.761969 0.161389
145.800000 4.760844 0.162921
145.900000 4.759721 0.164441
146.000000 4.758605 0.165991
146.100000 4.757494 0.167541
146.200000 4.756384 0.169081
146.300000 4.755276 0.170613
146.400000 4.754169 0.172137
146.500000 4.753064 0.173653
146.600000 4.751961 0.175162
146.700000 4.750859 0.176663
146.800000 4.749759 0.178158
146.900000 4.748661 0.179645
147.000000 4.747564 0.181125
147.100000 4.746469 0.182599
147.200000 4.745375 0.184066
147.300000 4.744283 0.185525
147.400000 4.743193 0.186978
147.500000 4.742104 0.188425
147.600000 4.741017 0.189864
147.700000 4.739932 0.191296
147.800000 4.738848 0.192722
147.900000 4.737766 0.194140
148.000000 4.736685 0.195551
148.100000 4.735606 0.196955
148.200000 4.734529 0.198352
148.300000 4.733453 0.199742
148.400000 4.732379 0.201124
148.500000 4.731306 0.202498
148.600000 4.730235 0.203865
148.700000 4.729165 0.205225
148.800000 4.728098 0.206577
148.900000 4.727031 0.207921
149.000000 4.725967 0.209257
149.100000 4.724904 0.210586
149.200000 4.723842 0.211906
149.300000 4.722782 0.213219
149.400000 4.721724 0.214524
149.500000 4.720667 0.215821
149.600000 4.719612 0.217109
149.700000 4.718558 0.218390
149.800000 4.717506 0.219663
149.900000 4.716456 0.220927
150.000000 4.715407 0.222184
