Age(kyr) mean(permil) sigma(permil)
0	2.98	0.13
0.5	2.98	0.13
1	3.13	0.02
1.5	3.06	0.02
2	3.01	0.05
2.5	3.05	0.14
3	3.09	0.15
3.5	3.18	0.14
4	3.11	0.22
4.5	3.08	0.22
5	3	0.22
5.5	2.99	0.17
6	3.12	0.16
6.5	3.15	0.28
7	3.14	0.28
7.5	3.17	0.2
8	3.14	0.16
8.5	3.24	0.36
9	3.39	0.33
9.5	3.3	0.14
10	3.37	0.22
10.5	3.34	0.2
11	3.44	0.23
11.5	3.59	0.25
12	3.63	0.22
12.5	3.7	0.27
13	3.73	0.33
13.5	3.8	0.3
14	4.02	0.22
14.5	4.16	0.18
15	4.13	0.32
15.5	4.16	0.34
16	4.28	0.16
16.5	4.37	0.21
17	4.5	0.23
17.5	4.5	0.18
18	4.57	0.25
18.5	4.71	0.22
19	4.77	0.19
19.5	4.82	0.2
20	4.76	0.24
20.5	4.76	0.26
21	4.79	0.24
21.5	4.74	0.24
22	4.73	0.23
22.5	4.78	0.23
23	4.7	0.28
23.5	4.58	0.26
24	4.52	0.22
24.5	4.6	0.22
25	4.61	0.17
25.5	4.56	0.17
26	4.54	0.19
26.5	4.56	0.2
27	4.48	0.22
27.5	4.42	0.27
28	4.35	0.33
28.5	4.43	0.24
29	4.57	0.11
29.5	4.51	0.2
30	4.49	0.24
30.5	4.45	0.22
31	4.33	0.16
31.5	4.34	0.19
32	4.49	0.18
32.5	4.45	0.18
33	4.39	0.18
33.5	4.4	0.16
34	4.44	0.21
34.5	4.41	0.21
35	4.35	0.17
35.5	4.27	0.18
36	4.27	0.21
36.5	4.28	0.2
37	4.16	0.15
37.5	4.14	0.21
38	4.16	0.27
38.5	4.25	0.22
39	4.37	0.22
39.5	4.33	0.2
40	4.36	0.21
40.5	4.35	0.22
41	4.33	0.19
41.5	4.37	0.26
42	4.38	0.31
42.5	4.4	0.26
43	4.43	0.22
43.5	4.36	0.2
44	4.37	0.16
44.5	4.36	0.21
45	4.32	0.21
45.5	4.28	0.17
46	4.21	0.21
46.5	4.15	0.2
47	4.13	0.21
47.5	4.16	0.23
48	4.2	0.18
48.5	4.25	0.14
49	4.3	0.17
49.5	4.35	0.18
50	4.39	0.18
50.5	4.36	0.2
51	4.32	0.19
51.5	4.27	0.13
52	4.22	0.14
52.5	4.22	0.18
53	4.2	0.18
53.5	4.15	0.19
54	4.17	0.14
54.5	4.14	0.16
55	4.13	0.17
55.5	4.18	0.2
56	4.18	0.27
56.5	4.19	0.17
57	4.2	0.18
57.5	4.13	0.19
58	4.08	0.12
58.5	4.07	0.09
59	4.08	0.08
59.5	4.12	0.08
60	4.16	0.07
60.5	4.22	0.12
61	4.26	0.17
61.5	4.29	0.18
62	4.33	0.17
62.5	4.35	0.13
63	4.44	0.12
63.5	4.46	0.2
64	4.47	0.2
64.5	4.5	0.14
65	4.47	0.19
65.5	4.51	0.19
66	4.52	0.14
66.5	4.52	0.13
67	4.53	0.12
67.5	4.5	0.06
68	4.46	0.12
68.5	4.42	0.15
69	4.38	0.1
69.5	4.31	0.14
70	4.27	0.19
70.5	4.21	0.04
71	3.95	0.16
71.5	4.09	0.04
72	4.07	0.38
72.5	4.09	0.33
73	4.17	0.02
73.5	4.13	0.05
74	4.17	0.23
74.5	4.14	0.28
75	4.09	0.3
75.5	3.8	0.01
76	3.8	0.11
76.5	3.78	0.01
77	3.75	0.3
77.5	3.85	0.3
78	3.9	0.3
78.5	3.89	0.3
79	3.86	0.3
79.5	3.84	0.16
80	3.81	0.11
80.5	3.92	0.3
81	4.03	0.69
81.5	4.06	0.69
82	4.02	0.69
82.5	3.95	0.3
83	3.67	0.03
83.5	3.62	0.2
84	3.62	0.23
84.5	3.6	0.23
85	3.6	0.11
85.5	3.58	0.11
86	3.6	0.21
86.5	3.71	0.14
87	3.99	0.19
87.5	4.15	0.06
88	4.12	0.17
88.5	4.08	0.17
89	4.05	0.11
89.5	4.01	0.22
90	4	0.29
90.5	3.97	0.01
91	3.88	0.2
91.5	3.88	0.2
92	3.83	0.05
92.5	3.81	0.17
93	3.88	0.2
93.5	3.88	0.23
94	3.97	0.25
94.5	3.92	0.3
95	3.83	0.13
95.5	3.84	0.13
96	3.84	0.3
96.5	3.77	0.3
97	3.77	0.3
97.5	3.73	0.05
98	3.72	0.3
98.5	3.69	0.06
99	3.67	0.08
99.5	3.64	0.04
100	3.54	0.06
100.5	3.51	0.17
101	3.49	0.16
101.5	3.57	0.04
102	3.73	0.25
102.5	3.79	0.18
103	3.78	0.15
103.5	3.71	0.01
104	3.73	0.3
104.5	3.82	0.1
105	3.86	0.08
105.5	3.87	0.12
106	3.87	0.12
106.5	3.82	0.3
107	3.8	0.2
107.5	3.81	0.2
108	3.9	0.3
108.5	3.96	0.05
109	3.97	0.04
109.5	3.97	0.3
110	3.96	0.3
110.5	4	0.3
111	4.05	0.3
111.5	4.12	0.3
112	4.13	0.1
112.5	4.09	0.04
113	4.03	0.24
113.5	3.89	0.19
114	3.83	0.49
114.5	3.73	0.44
115	3.6	0.3
115.5	3.6	0.1
116	3.44	0.18
116.5	3.35	0.09
117	3.25	0.15
117.5	3.25	0.15
118	3.27	0.21
118.5	3.26	0.17
119	3.21	0.17
119.5	3.12	0.23
120	3.01	0.01
120.5	2.97	0.01
121	2.98	0.04
121.5	2.99	0.3
122	2.99	0.3
122.5	2.98	0.04
123	2.98	0.01
123.5	3.04	0.3
124	3.04	0.28
124.5	3.05	0.24
125	3.04	0.3
125.5	2.96	0.3
126	2.9	0.3
126.5	2.9	0.11
127	2.87	0.3
127.5	2.87	0.3
128	2.97	0.3
128.5	2.97	0.23
129	3.01	0.23
129.5	3.11	0.3
130	3.27	0.35
130.5	3.43	0
131	3.48	0.34
131.5	3.42	0.43
132	3.41	0.26
132.5	3.29	0.18
133	3.35	0.3
133.5	3.44	0.3
134	3.49	0.3
135	4.42	0.3
135.5	4.42	0.11
136	4.42	0.3
137	4.96	0.3
137.5	4.96	0.3
140	4.99	0.3