age(kyr) mean(permil) sigma(permil)
0.000000 2.837919 0.105368
0.100000 2.837771 0.101148
0.200000 2.838360 0.097650
0.300000 2.839453 0.095219
0.400000 2.841218 0.094331
0.500000 2.843192 0.094907
0.600000 2.845339 0.096715
0.700000 2.846505 0.099009
0.800000 2.846703 0.101437
0.900000 2.845384 0.104002
1.000000 2.842877 0.106286
1.100000 2.838907 0.107823
1.200000 2.834464 0.108733
1.300000 2.830412 0.109172
1.400000 2.826919 0.109965
1.500000 2.824074 0.110385
1.600000 2.822397 0.109982
1.700000 2.821511 0.109556
1.800000 2.820256 0.108331
1.900000 2.818745 0.106906
2.000000 2.817120 0.105686
2.100000 2.815188 0.104303
2.200000 2.813055 0.103379
2.300000 2.811354 0.102879
2.400000 2.809718 0.102641
2.500000 2.807720 0.102885
2.600000 2.805496 0.103539
2.700000 2.802725 0.104046
2.800000 2.799672 0.104333
2.900000 2.796935 0.104631
3.000000 2.794616 0.104518
3.100000 2.792395 0.103956
3.200000 2.790729 0.103127
3.300000 2.789552 0.101939
3.400000 2.788622 0.101361
3.500000 2.788526 0.101579
3.600000 2.789144 0.102251
3.700000 2.790551 0.102917
3.800000 2.792035 0.103486
3.900000 2.794118 0.104198
4.000000 2.796318 0.105113
4.100000 2.798592 0.106481
4.200000 2.800734 0.107847
4.300000 2.802858 0.109122
4.400000 2.804799 0.110991
4.500000 2.806138 0.112807
4.600000 2.807614 0.113748
4.700000 2.808646 0.114068
4.800000 2.809545 0.114098
4.900000 2.810088 0.115042
5.000000 2.810979 0.117590
5.100000 2.811751 0.120746
5.200000 2.812843 0.122695
5.300000 2.814106 0.123045
5.400000 2.815100 0.123463
5.500000 2.815294 0.125135
5.600000 2.814966 0.127144
5.700000 2.814079 0.127641
5.800000 2.812878 0.125616
5.900000 2.811413 0.122342
6.000000 2.810594 0.117928
6.100000 2.810424 0.113601
6.200000 2.811597 0.111719
6.300000 2.814327 0.113115
6.400000 2.819702 0.116684
6.500000 2.827207 0.122200
6.600000 2.836612 0.129092
6.700000 2.847261 0.134339
6.800000 2.858060 0.138932
6.900000 2.868366 0.142694
7.000000 2.877809 0.145951
7.100000 2.886019 0.152267
7.200000 2.892679 0.158808
7.300000 2.898221 0.163975
7.400000 2.902098 0.174681
7.500000 2.904105 0.188136
7.600000 2.904609 0.196480
7.700000 2.903783 0.189543
7.800000 2.901899 0.177982
7.900000 2.900466 0.165850
8.000000 2.900242 0.163370
8.100000 2.902125 0.169043
8.200000 2.906659 0.179079
8.300000 2.913645 0.189573
8.400000 2.923613 0.210742
8.500000 2.936059 0.228971
8.600000 2.949997 0.236285
8.700000 2.964980 0.217575
8.800000 2.980505 0.167371
8.900000 2.994379 0.140844
9.000000 3.006772 0.135982
9.100000 3.017612 0.128780
9.200000 3.027032 0.124002
9.300000 3.035683 0.123134
9.400000 3.044610 0.123797
9.500000 3.054392 0.124887
9.600000 3.065221 0.125254
9.700000 3.076663 0.124826
9.800000 3.087691 0.123564
9.900000 3.098054 0.121541
10.000000 3.106154 0.121816
10.100000 3.111342 0.125409
10.200000 3.113715 0.129334
10.300000 3.114181 0.133654
10.400000 3.111897 0.136684
10.500000 3.107298 0.138660
10.600000 3.101287 0.140732
10.700000 3.094493 0.144547
10.800000 3.087836 0.144307
10.900000 3.082432 0.145060
11.000000 3.080069 0.148395
11.100000 3.081414 0.152535
11.200000 3.086503 0.156876
11.300000 3.094482 0.160289
11.400000 3.106482 0.163943
11.500000 3.121568 0.169033
11.600000 3.138935 0.173157
11.700000 3.158583 0.180016
11.800000 3.179958 0.185846
11.900000 3.202789 0.189675
12.000000 3.226748 0.194274
12.100000 3.252208 0.195214
12.200000 3.278411 0.195431
12.300000 3.304971 0.200874
12.400000 3.331704 0.205664
12.500000 3.358496 0.204730
12.600000 3.385254 0.198431
12.700000 3.411756 0.189528
12.800000 3.437822 0.179607
12.900000 3.462862 0.170312
13.000000 3.486631 0.163540
13.100000 3.508077 0.158015
13.200000 3.527417 0.154004
13.300000 3.544348 0.151222
13.400000 3.558326 0.150926
13.500000 3.569322 0.153217
13.600000 3.577100 0.157365
13.700000 3.582288 0.163498
13.800000 3.586530 0.173588
13.900000 3.590486 0.189112
14.000000 3.594748 0.210444
14.100000 3.600835 0.234789
14.200000 3.608525 0.255992
14.300000 3.617649 0.270559
14.400000 3.628444 0.279921
14.500000 3.640505 0.286238
14.600000 3.654036 0.290684
14.700000 3.668764 0.293091
14.800000 3.684147 0.293861
14.900000 3.700151 0.295036
15.000000 3.716931 0.297403
15.100000 3.733884 0.301195
15.200000 3.750736 0.304805
15.300000 3.767424 0.306440
15.400000 3.783257 0.305612
15.500000 3.798711 0.302663
15.600000 3.812423 0.292924
15.700000 3.824528 0.279034
15.800000 3.835014 0.272315
15.900000 3.842994 0.274716
16.000000 3.848068 0.284451
16.100000 3.850700 0.300121
16.200000 3.851276 0.319426
16.300000 3.850683 0.335747
16.400000 3.850591 0.346319
16.500000 3.851285 0.357190
16.600000 3.854707 0.369876
16.700000 3.861844 0.383378
16.800000 3.872142 0.394130
16.900000 3.886742 0.400925
17.000000 3.905461 0.404264
17.100000 3.927615 0.404571
17.200000 3.952536 0.402509
17.300000 3.979299 0.402321
17.400000 4.007679 0.401559
17.500000 4.037500 0.396697
17.600000 4.067972 0.380966
17.700000 4.098687 0.358074
17.800000 4.129005 0.331405
17.900000 4.157722 0.302499
18.000000 4.184173 0.273859
18.100000 4.207792 0.248947
18.200000 4.227569 0.228628
18.300000 4.244092 0.220770
18.400000 4.256298 0.232616
18.500000 4.264796 0.269083
18.600000 4.270816 0.322686
18.700000 4.275766 0.389291
18.800000 4.281240 0.458895
18.900000 4.288444 0.479437
19.000000 4.297829 0.464106
19.100000 4.309401 0.418194
19.200000 4.322897 0.358125
19.300000 4.337471 0.290873
19.400000 4.352568 0.235515
19.500000 4.367634 0.191715
19.600000 4.381866 0.160185
19.700000 4.394387 0.138762
19.800000 4.404850 0.123954
19.900000 4.412538 0.114039
20.000000 4.417138 0.107849
20.100000 4.417653 0.104880
20.200000 4.414261 0.104284
20.300000 4.408088 0.105203
20.400000 4.398477 0.107007
20.500000 4.385751 0.109221
20.600000 4.370658 0.112381
20.700000 4.354200 0.117315
20.800000 4.336955 0.123992
20.900000 4.319428 0.131825
21.000000 4.302125 0.139641
21.100000 4.286001 0.146750
21.200000 4.271315 0.153292
21.300000 4.257987 0.160014
21.400000 4.246443 0.169143
21.500000 4.236545 0.181895
21.600000 4.228417 0.193635
21.700000 4.221756 0.200084
21.800000 4.216228 0.202734
21.900000 4.211805 0.204048
22.000000 4.208852 0.204392
22.100000 4.207196 0.202984
22.200000 4.206675 0.200474
22.300000 4.206619 0.198305
22.400000 4.207104 0.196509
22.500000 4.207745 0.194296
22.600000 4.207976 0.192285
22.700000 4.208059 0.190899
22.800000 4.208249 0.189277
22.900000 4.208680 0.187541
23.000000 4.209351 0.185895
23.100000 4.209915 0.184237
23.200000 4.209680 0.182409
23.300000 4.209314 0.180043
23.400000 4.208578 0.176397
23.500000 4.207034 0.171750
23.600000 4.205098 0.167660
23.700000 4.203092 0.164252
23.800000 4.200344 0.161365
23.900000 4.196832 0.158562
24.000000 4.192884 0.155870
24.100000 4.189101 0.153423
24.200000 4.185280 0.151104
24.300000 4.181842 0.149019
24.400000 4.179261 0.147217
24.500000 4.177521 0.145742
24.600000 4.176623 0.144613
24.700000 4.176778 0.143791
24.800000 4.177461 0.143304
24.900000 4.178577 0.143402
25.000000 4.180461 0.144078
25.100000 4.182868 0.145288
25.200000 4.185658 0.146878
25.300000 4.188889 0.148669
25.400000 4.192539 0.150500
25.500000 4.196227 0.152104
25.600000 4.199497 0.153509
25.700000 4.202493 0.154518
25.800000 4.205173 0.155006
25.900000 4.207407 0.155024
26.000000 4.208922 0.154440
26.100000 4.209694 0.153385
26.200000 4.209933 0.152180
26.300000 4.209375 0.150831
26.400000 4.207593 0.149525
26.500000 4.204735 0.148626
26.600000 4.200689 0.148232
26.700000 4.194873 0.148304
26.800000 4.188031 0.148694
26.900000 4.179962 0.149428
27.000000 4.171339 0.150653
27.100000 4.161862 0.152372
27.200000 4.151972 0.154613
27.300000 4.141722 0.157392
27.400000 4.130989 0.160574
27.500000 4.119456 0.163852
27.600000 4.107665 0.167105
27.700000 4.095757 0.170209
27.800000 4.083967 0.173268
27.900000 4.072643 0.176166
28.000000 4.061951 0.178879
28.100000 4.052024 0.181439
28.200000 4.042765 0.184231
28.300000 4.034256 0.186905
28.400000 4.026607 0.189255
28.500000 4.019436 0.191284
28.600000 4.012735 0.192820
28.700000 4.006489 0.193683
28.800000 4.000423 0.193747
28.900000 3.994758 0.193313
29.000000 3.989577 0.192785
29.100000 3.984864 0.192473
29.200000 3.980611 0.192565
29.300000 3.976676 0.192968
29.400000 3.972964 0.193508
29.500000 3.969485 0.194063
29.600000 3.966457 0.194705
29.700000 3.963837 0.195570
29.800000 3.961385 0.196634
29.900000 3.959275 0.197838
30.000000 3.957533 0.199102
30.100000 3.956046 0.200359
30.200000 3.954887 0.201626
30.300000 3.954029 0.202919
30.400000 3.953507 0.204280
30.500000 3.953187 0.205700
30.600000 3.953057 0.207185
30.700000 3.953012 0.208715
30.800000 3.952987 0.210255
30.900000 3.952908 0.211820
31.000000 3.952746 0.213399
31.100000 3.952438 0.214975
31.200000 3.951995 0.216547
31.300000 3.951438 0.218090
31.400000 3.950639 0.219616
31.500000 3.949541 0.221134
31.600000 3.948055 0.222651
31.700000 3.946254 0.224144
31.800000 3.944150 0.225595
31.900000 3.941534 0.227036
32.000000 3.938455 0.228464
32.100000 3.934953 0.229861
32.200000 3.931004 0.231214
32.300000 3.926553 0.232523
32.400000 3.921612 0.233785
32.500000 3.916443 0.234992
32.600000 3.911034 0.236132
32.700000 3.905349 0.237204
32.800000 3.899553 0.238198
32.900000 3.893893 0.239121
33.000000 3.888374 0.239978
33.100000 3.882880 0.240767
33.200000 3.877291 0.241481
33.300000 3.871855 0.242127
33.400000 3.866667 0.242726
33.500000 3.861663 0.243273
33.600000 3.857061 0.243788
33.700000 3.852818 0.244274
33.800000 3.848974 0.244715
33.900000 3.845567 0.245125
34.000000 3.842486 0.245510
34.100000 3.839611 0.245900
34.200000 3.837093 0.246304
34.300000 3.834669 0.246675
34.400000 3.832200 0.247018
34.500000 3.829846 0.247333
34.600000 3.827479 0.247630
34.700000 3.825039 0.247924
34.800000 3.822496 0.248191
34.900000 3.819772 0.248439
35.000000 3.816797 0.248653
35.100000 3.813731 0.248815
35.200000 3.810619 0.248915
35.300000 3.807520 0.248946
35.400000 3.804459 0.248894
35.500000 3.801528 0.248771
35.600000 3.798806 0.248591
35.700000 3.796377 0.248375
35.800000 3.794166 0.248102
35.900000 3.792287 0.247791
36.000000 3.790691 0.247441
36.100000 3.789382 0.247055
36.200000 3.788260 0.246612
36.300000 3.787343 0.246116
36.400000 3.786618 0.245562
36.500000 3.785980 0.244937
36.600000 3.785428 0.244255
36.700000 3.785013 0.243533
36.800000 3.784654 0.242746
36.900000 3.784413 0.241909
37.000000 3.784341 0.241034
37.100000 3.784374 0.240111
37.200000 3.784486 0.239133
37.300000 3.784657 0.238092
37.400000 3.784909 0.237005
37.500000 3.785286 0.235887
37.600000 3.785758 0.234730
37.700000 3.786299 0.233527
37.800000 3.786884 0.232275
37.900000 3.787581 0.230989
38.000000 3.788425 0.229680
38.100000 3.789340 0.228336
38.200000 3.790391 0.226972
38.300000 3.791481 0.225571
38.400000 3.792614 0.224139
38.500000 3.793831 0.222687
38.600000 3.795231 0.221235
38.700000 3.796873 0.219805
38.800000 3.798725 0.218391
38.900000 3.800892 0.217002
39.000000 3.803357 0.215652
39.100000 3.806201 0.214365
39.200000 3.809407 0.213115
39.300000 3.812974 0.211901
39.400000 3.817001 0.210740
39.500000 3.821310 0.209600
39.600000 3.825897 0.208471
39.700000 3.830637 0.207353
39.800000 3.835632 0.206227
39.900000 3.840770 0.205085
40.000000 3.845977 0.203944
40.100000 3.851259 0.202811
40.200000 3.856495 0.201672
40.300000 3.861574 0.200523
40.400000 3.866533 0.199373
40.500000 3.871212 0.198276
40.600000 3.875535 0.197259
40.700000 3.879528 0.196338
40.800000 3.883215 0.195512
40.900000 3.886614 0.194752
41.000000 3.889786 0.194060
41.100000 3.892695 0.193449
41.200000 3.895391 0.192912
41.300000 3.897961 0.192408
41.400000 3.900341 0.192005
41.500000 3.902658 0.191622
41.600000 3.905067 0.191295
41.700000 3.907563 0.190992
41.800000 3.910140 0.190689
41.900000 3.912846 0.190431
42.000000 3.915818 0.190211
42.100000 3.918935 0.189993
42.200000 3.922270 0.189782
42.300000 3.925868 0.189549
42.400000 3.929773 0.189338
42.500000 3.933782 0.189155
42.600000 3.938018 0.188988
42.700000 3.942418 0.188823
42.800000 3.946763 0.188636
42.900000 3.951006 0.188504
43.000000 3.955337 0.188405
43.100000 3.959533 0.188266
43.200000 3.963610 0.188149
43.300000 3.967620 0.188047
43.400000 3.971502 0.187946
43.500000 3.975135 0.187820
43.600000 3.978507 0.187721
43.700000 3.981609 0.187642
43.800000 3.984488 0.187561
43.900000 3.987062 0.187514
44.000000 3.989279 0.187484
44.100000 3.991169 0.187493
44.200000 3.992633 0.187545
44.300000 3.993732 0.187612
44.400000 3.994130 0.187739
44.500000 3.993956 0.187921
44.600000 3.993409 0.188134
44.700000 3.992395 0.188391
44.800000 3.991138 0.188641
44.900000 3.989534 0.188889
45.000000 3.987713 0.189126
45.100000 3.985734 0.189359
45.200000 3.983794 0.189497
45.300000 3.981812 0.189546
45.400000 3.979907 0.189520
45.500000 3.978210 0.189424
45.600000 3.976378 0.189338
45.700000 3.974662 0.189238
45.800000 3.972992 0.189136
45.900000 3.971958 0.189034
46.000000 3.971264 0.188961
46.100000 3.970905 0.188869
46.200000 3.971003 0.188745
46.300000 3.971303 0.188615
46.400000 3.971975 0.188515
46.500000 3.973055 0.188449
46.600000 3.974789 0.188323
46.700000 3.976709 0.188171
46.800000 3.978988 0.187930
46.900000 3.981289 0.187678
47.000000 3.983615 0.187433
47.100000 3.985806 0.187241
47.200000 3.987823 0.187114
47.300000 3.989713 0.186967
47.400000 3.991532 0.186862
47.500000 3.993305 0.186788
47.600000 3.994936 0.186750
47.700000 3.996521 0.186685
47.800000 3.998154 0.186590
47.900000 3.999569 0.186525
48.000000 4.000681 0.186526
48.100000 4.001641 0.186555
48.200000 4.002523 0.186591
48.300000 4.003488 0.186603
48.400000 4.004222 0.186706
48.500000 4.004746 0.186875
48.600000 4.005198 0.187046
48.700000 4.005516 0.187252
48.800000 4.005599 0.187510
48.900000 4.005469 0.187842
49.000000 4.005032 0.188235
49.100000 4.004478 0.188685
49.200000 4.003727 0.189200
49.300000 4.002800 0.189766
49.400000 4.001638 0.190392
49.500000 4.000321 0.191101
49.600000 3.998804 0.191875
49.700000 3.997212 0.192676
49.800000 3.995398 0.193497
49.900000 3.993435 0.194343
50.000000 3.991520 0.195168
50.100000 3.989587 0.195964
50.200000 3.987507 0.196747
50.300000 3.985313 0.197512
50.400000 3.983238 0.198246
50.500000 3.981077 0.198987
50.600000 3.978977 0.199747
50.700000 3.977017 0.200493
50.800000 3.975112 0.201195
50.900000 3.973147 0.201883
51.000000 3.971301 0.202540
51.100000 3.969285 0.203184
51.200000 3.967297 0.203811
51.300000 3.965355 0.204405
51.400000 3.963606 0.205004
51.500000 3.962128 0.205589
51.600000 3.960591 0.206159
51.700000 3.959099 0.206770
51.800000 3.957782 0.207364
51.900000 3.956831 0.207961
52.000000 3.956048 0.208555
52.100000 3.955358 0.209195
52.200000 3.954634 0.209831
52.300000 3.954156 0.210472
52.400000 3.954114 0.211096
52.500000 3.954230 0.211747
52.600000 3.954656 0.212411
52.700000 3.955387 0.213054
52.800000 3.956240 0.213703
52.900000 3.957140 0.214401
53.000000 3.958214 0.215121
53.100000 3.959647 0.215887
53.200000 3.961363 0.216693
53.300000 3.963106 0.217527
53.400000 3.964729 0.218393
53.500000 3.966384 0.219316
53.600000 3.968213 0.220331
53.700000 3.970000 0.221412
53.800000 3.971819 0.222514
53.900000 3.973496 0.223679
54.000000 3.974975 0.224893
54.100000 3.976323 0.226176
54.200000 3.977504 0.227514
54.300000 3.978508 0.228880
54.400000 3.979187 0.230283
54.500000 3.979494 0.231731
54.600000 3.979434 0.233207
54.700000 3.979108 0.234733
54.800000 3.978539 0.236271
54.900000 3.977885 0.237874
55.000000 3.977289 0.239509
55.100000 3.976550 0.241156
55.200000 3.975802 0.242827
55.300000 3.975119 0.244491
55.400000 3.974582 0.246159
55.500000 3.974119 0.247837
55.600000 3.973725 0.249539
55.700000 3.973456 0.251262
55.800000 3.973272 0.253012
55.900000 3.973181 0.254711
56.000000 3.973220 0.256369
56.100000 3.973380 0.258030
56.200000 3.973589 0.259649
56.300000 3.973779 0.261234
56.400000 3.973909 0.262783
56.500000 3.973980 0.264298
56.600000 3.974006 0.265770
56.700000 3.974009 0.267178
56.800000 3.974013 0.268516
56.900000 3.974017 0.269787
57.000000 3.974020 0.270994
57.100000 3.974024 0.272142
57.200000 3.974028 0.273236
57.300000 3.974031 0.274280
57.400000 3.974035 0.275280
57.500000 3.974039 0.276240
57.600000 3.974042 0.277166
57.700000 3.974046 0.278062
57.800000 3.974050 0.278932
57.900000 3.974053 0.279780
58.000000 3.974057 0.280610
58.100000 3.974061 0.281424
58.200000 3.974064 0.282225
58.300000 3.974068 0.283015
58.400000 3.974071 0.283796
58.500000 3.974075 0.284570
58.600000 3.974079 0.285337
58.700000 3.974082 0.286100
58.800000 3.974086 0.286858
58.900000 3.974090 0.287613
59.000000 3.974093 0.288365
59.100000 3.974097 0.289116
59.200000 3.974101 0.289865
59.300000 3.974104 0.290613
59.400000 3.974108 0.291361
59.500000 3.974111 0.292109
59.600000 3.974115 0.292858
59.700000 3.974119 0.293607
59.800000 3.974122 0.294356
59.900000 3.974126 0.295107
60.000000 3.974129 0.295859
