Time (ka)	Benthic d18O (per mil)	Standard error (per mil)
0	3.23	0.22
1	3.23	0.22
2	3.18	0.22
3	3.29	0.22
4	3.3	0.22
5	3.26	0.22
6	3.33	0.22
7	3.37	0.22
8	3.42	0.22
9	3.38	0.22
10	3.52	0.22
11	3.6	0.22
12	3.92	0.22
13	4.06	0.22
14	4.28	0.22
15	4.49	0.22
16	4.75	0.22
17	4.88	0.22
18	5.02	0.22
19	4.96	0.22
20	4.99	0.22
21	4.91	0.22
22	4.88	0.22
23	4.86	0.22
24	4.81	0.22
25	4.82	0.22
26	4.67	0.22
27	4.75	0.22
28	4.75	0.22
29	4.73	0.22
30	4.62	0.22
31	4.62	0.22
32	4.6	0.22
33	4.58	0.22
34	4.59	0.22
35	4.54	0.22
36	4.45	0.22
37	4.46	0.22
38	4.41	0.22
39	4.55	0.22
40	4.55	0.22
41	4.51	0.22
42	4.5	0.22
43	4.46	0.22
44	4.48	0.22
45	4.33	0.22
46	4.36	0.22
47	4.38	0.22
48	4.45	0.22
49	4.46	0.22
50	4.34	0.22
51	4.33	0.22
52	4.31	0.22
53	4.44	0.22
54	4.38	0.22
55	4.31	0.22
56	4.35	0.22
57	4.43	0.22
58	4.49	0.22
59	4.43	0.22
60	4.6	0.22
61	4.51	0.22
62	4.6	0.22
63	4.53	0.22
64	4.36	0.22
65	4.48	0.22
66	4.57	0.22
67	4.44	0.22
68	4.42	0.22
69	4.47	0.22
70	4.32	0.22
71	4.22	0.22
72	4.21	0.22
73	4.23	0.22
74	4.03	0.22
75	3.95	0.22
76	4.06	0.22
77	4.08	0.22
78	4.05	0.22
79	4.05	0.22
80	3.9	0.22
81	3.82	0.22
82	3.8	0.22
83	3.83	0.22
84	3.82	0.22
85	3.95	0.22
86	4.06	0.22
87	4.18	0.22
88	4.11	0.22
89	4.08	0.22
90	4.06	0.22
91	4.03	0.22
92	3.98	0.22
93	3.9	0.22
94	3.84	0.22
95	3.77	0.22
96	3.75	0.22
97	3.83	0.22
98	3.9	0.22
99	3.78	0.22
100	3.81	0.22
101	3.92	0.22
102	3.86	0.22
103	3.88	0.22
104	3.92	0.22
105	3.85	0.22
106	4	0.22
107	4.04	0.22
108	4.11	0.22
109	4.12	0.22
110	4.04	0.22
111	4.02	0.22
112	4.03	0.22
113	3.93	0.22
114	3.81	0.22
115	3.71	0.22
116	3.58	0.22
117	3.54	0.22
118	3.44	0.22
119	3.3	0.22
120	3.27	0.22
121	3.26	0.22
122	3.18	0.22
123	3.1	0.22
124	3.27	0.22
125	3.14	0.22
126	3.16	0.22
127	3.37	0.22
128	3.71	0.22
129	3.9	0.22
130	3.67	0.22
131	3.81	0.22
132	4.2	0.22
133	4.41	0.22
134	4.7	0.22
135	4.86	0.22
136	4.82	0.22
137	4.8	0.22
138	4.89	0.22
139	4.87	0.22
140	4.98	0.22
141	4.81	0.22
142	4.75	0.22
143	4.78	0.22
144	4.82	0.22
145	4.74	0.22
146	4.77	0.22
147	4.82	0.22
148	4.71	0.22
149	4.75	0.22
150	4.75	0.22
151	4.66	0.22
152	4.64	0.22
153	4.62	0.22
154	4.66	0.22
155	4.51	0.22
156	4.78	0.22
157	4.74	0.22
158	4.69	0.22
159	4.66	0.22
160	4.69	0.22
161	4.65	0.22
162	4.66	0.22
163	4.7	0.22
164	4.68	0.22
165	4.68	0.22
166	4.48	0.22
167	4.41	0.22
168	4.48	0.22
169	4.5	0.22
170	4.5	0.22
171	4.53	0.22
172	4.46	0.22
173	4.38	0.22
174	4.28	0.22
175	4.32	0.22
176	4.39	0.22
177	4.46	0.22
178	4.44	0.22
179	4.48	0.22
180	4.39	0.22
181	4.46	0.22
182	4.48	0.22
183	4.37	0.22
184	4.4	0.22
185	4.59	0.22
186	4.47	0.22
187	4.4	0.22
188	4.46	0.22
189	4.39	0.22
190	4.28	0.22
191	4.13	0.22
192	3.76	0.22
193	3.92	0.22
194	3.84	0.22
195	3.91	0.22
196	3.82	0.22
197	3.74	0.22
198	3.82	0.22
199	3.57	0.22
200	3.53	0.22
201	3.53	0.22
202	3.63	0.22
203	3.61	0.22
204	3.78	0.22
205	3.82	0.22
206	3.77	0.22
207	3.78	0.22
208	3.71	0.22
209	3.64	0.22
210	3.57	0.22
211	3.6	0.22
212	3.61	0.22
213	3.65	0.22
214	3.56	0.22
215	3.54	0.22
216	3.53	0.22
217	3.48	0.22
218	3.72	0.22
219	3.94	0.22
220	3.98	0.22
221	4.23	0.22
222	4.38	0.22
223	4.44	0.22
224	4.39	0.22
225	4.28	0.22
226	4.29	0.22
227	4.19	0.22
228	4.19	0.22
229	4.02	0.22
230	4.3	0.22
231	4.22	0.22
232	4.17	0.22
233	3.97	0.22
234	3.84	0.22
235	3.71	0.22
236	3.66	0.22
237	3.47	0.22
238	3.51	0.22
239	3.44	0.22
240	3.44	0.22
241	3.54	0.22
242	3.68	0.22
243	3.78	0.22
244	4.05	0.22
245	4.17	0.22
246	4.38	0.22
247	4.31	0.22
248	4.38	0.22
249	4.36	0.22
250	4.5	0.22
251	4.58	0.22
252	4.63	0.22
253	4.52	0.22
254	4.57	0.22
255	4.37	0.22
256	4.43	0.22
257	4.55	0.22
258	4.51	0.22
259	4.52	0.22
260	4.46	0.22
261	4.52	0.22
262	4.45	0.22
263	4.46	0.22
264	4.42	0.22
265	4.44	0.22
266	4.5	0.22
267	4.5	0.22
268	4.33	0.22
269	4.52	0.22
270	4.51	0.22
271	4.5	0.22
272	4.44	0.22
273	4.44	0.22
274	4.38	0.22
275	4.38	0.22
276	4.3	0.22
277	4.44	0.22
278	4.31	0.22
279	4.23	0.22
280	4.14	0.22
281	4.21	0.22
282	3.98	0.22
283	3.87	0.22
284	3.86	0.22
285	3.84	0.22
286	3.82	0.22
287	3.89	0.22
288	4.02	0.22
289	4.06	0.22
290	4.1	0.22
291	4.11	0.22
292	4.27	0.22
293	4.22	0.22
294	4.33	0.22
295	4.31	0.22
296	4.23	0.22
297	4.3	0.22
298	4.17	0.22
299	4.23	0.22
300	4.02	0.22
301	4.06	0.22
302	4.06	0.22
303	4	0.22
304	4.07	0.22
305	4.07	0.22
306	4.05	0.22
307	4	0.22
308	3.85	0.22
309	3.86	0.22
310	3.8	0.22
311	3.7	0.22
312	3.79	0.22
313	3.69	0.22
314	3.77	0.22
315	3.62	0.22
316	3.69	0.22
317	3.89	0.22
318	3.76	0.22
319	3.58	0.22
320	3.66	0.22
321	3.53	0.22
322	3.53	0.22
323	3.47	0.22
324	3.21	0.22
325	3.31	0.22
326	3.23	0.22
327	3.22	0.22
328	3.23	0.22
329	3.19	0.22
330	3.3	0.22
331	3.29	0.22
332	3.39	0.22
333	3.38	0.22
334	3.51	0.22
335	3.75	0.22
336	4.08	0.22
337	4.23	0.22
338	4.17	0.22
339	4.42	0.22
340	4.6	0.22
341	4.84	0.22
342	4.83	0.22
343	4.8	0.22
344	4.76	0.22
345	4.79	0.22
346	4.68	0.22
347	4.53	0.22
348	4.49	0.22
349	4.62	0.22
350	4.67	0.22
351	4.64	0.22
352	4.47	0.22
353	4.47	0.22
354	4.4	0.22
355	4.59	0.22
356	4.46	0.22
357	4.55	0.22
358	4.58	0.22
359	4.49	0.22
360	4.54	0.22
361	4.5	0.22
362	4.5	0.22
363	4.53	0.22
364	4.36	0.22
365	4.46	0.22
366	4.32	0.22
367	4.37	0.22
368	4.4	0.22
369	4.38	0.22
370	4.36	0.22
371	4.27	0.22
372	4.42	0.22
373	4.29	0.22
374	4.34	0.22
375	4.2	0.22
376	4.21	0.22
377	4.2	0.22
378	4.19	0.22
379	4.17	0.22
380	4.19	0.22
381	4.15	0.22
382	4.05	0.22
383	4.12	0.22
384	4.08	0.22
385	4.14	0.22
386	4.02	0.22
387	3.99	0.22
388	3.92	0.22
389	3.89	0.22
390	3.96	0.22
391	4	0.22
392	3.97	0.22
393	3.86	0.22
394	3.92	0.22
395	3.76	0.22
396	3.72	0.22
397	3.47	0.22
398	3.54	0.22
399	3.48	0.22
400	3.32	0.22
401	3.2	0.22
402	3.17	0.22
403	3.15	0.22
404	3.2	0.22
405	3.11	0.22
406	3.19	0.22
407	3.21	0.22
408	3.17	0.22
409	3.22	0.22
410	3.15	0.22
411	3.29	0.22
412	3.31	0.22
413	3.38	0.22
414	3.41	0.22
415	3.41	0.22
416	3.51	0.22
417	3.57	0.22
418	3.75	0.22
419	3.81	0.22
420	3.77	0.22
421	3.85	0.22
422	3.94	0.22
423	4.02	0.22
424	3.92	0.22
425	4.3	0.22
426	4.5	0.22
427	4.3	0.22
428	4.72	0.22
429	4.91	0.22
430	4.98	0.22
431	5.05	0.22
432	5.05	0.22
433	5.08	0.22
434	5.08	0.22
435	5.02	0.22
436	5.07	0.22
437	4.9	0.22
438	4.79	0.22
439	4.87	0.22
440	4.76	0.22
441	4.95	0.22
442	4.96	0.22
443	4.91	0.22
444	4.82	0.22
445	4.91	0.22
446	4.82	0.22
447	4.51	0.22
448	4.77	0.22
449	4.73	0.22
450	4.75	0.22
451	4.58	0.22
452	4.73	0.22
453	4.56	0.22
454	4.6	0.22
455	4.41	0.22
456	4.62	0.22
457	4.63	0.22
458	4.55	0.22
459	4.63	0.22
460	4.56	0.22
461	4.59	0.22
462	4.61	0.22
463	4.61	0.22
464	4.44	0.22
465	4.57	0.22
466	4.46	0.22
467	4.44	0.22
468	4.38	0.22
469	4.51	0.22
470	4.33	0.22
471	4.25	0.22
472	4.32	0.22
473	4.36	0.22
474	4.39	0.22
475	4.35	0.22
476	4.3	0.22
477	4.27	0.22
478	4.22	0.22
479	4.12	0.22
480	4.12	0.22
481	4.17	0.22
482	4.01	0.22
483	3.97	0.22
484	3.79	0.22
485	3.81	0.22
486	3.76	0.22
487	3.72	0.22
488	3.67	0.22
489	3.6	0.22
490	3.54	0.22
491	3.47	0.22
492	3.63	0.22
493	3.72	0.22
494	3.83	0.22
495	3.83	0.22
496	3.83	0.22
497	3.68	0.22
498	3.82	0.22
499	3.75	0.22
500	3.84	0.22
501	3.78	0.22
502	3.75	0.22
503	3.81	0.22
504	3.91	0.22
505	3.86	0.22
506	4.01	0.22
507	3.93	0.22
508	4.16	0.22
509	4.06	0.22
510	4.14	0.22
511	4.06	0.22
512	4.22	0.22
513	4.25	0.22
514	4.1	0.22
515	4.1	0.22
516	4.01	0.22
517	3.96	0.22
518	4.07	0.22
519	3.96	0.22
520	3.95	0.22
521	3.91	0.22
522	3.88	0.22
523	3.93	0.22
524	3.83	0.22
525	3.92	0.22
526	3.97	0.22
527	3.96	0.22
528	3.92	0.22
529	3.99	0.22
530	3.97	0.22
531	3.92	0.22
532	4.01	0.22
533	4.11	0.22
534	4.27	0.22
535	4.29	0.22
536	4.55	0.22
537	4.43	0.22
538	4.54	0.22
539	4.48	0.22
540	4.53	0.22
541	4.5	0.22
542	4.45	0.22
543	4.45	0.22
544	4.46	0.22
545	4.43	0.22
546	4.51	0.22
547	4.53	0.22
548	4.55	0.22
549	4.53	0.22
550	4.5	0.22
551	4.45	0.22
552	4.52	0.22
553	4.46	0.22
554	4.29	0.22
555	4.25	0.22
556	4.39	0.22
557	4.35	0.22
558	4.25	0.22
559	4.17	0.22
560	4.14	0.22
561	4.21	0.22
562	4.14	0.22
563	4.17	0.22
564	4.01	0.22
565	3.96	0.22
566	3.86	0.22
567	3.94	0.22
568	4	0.22
569	3.97	0.22
570	3.91	0.22
571	3.89	0.22
572	3.59	0.22
573	3.65	0.22
574	3.73	0.22
575	3.39	0.22
576	3.46	0.22
577	3.48	0.22
578	3.5	0.22
579	3.57	0.22
580	3.69	0.22
581	4	0.22
582	4.13	0.22
583	4.29	0.22
584	4.31	0.22
585	4.33	0.22
586	4.18	0.22
587	4.11	0.22
588	4.19	0.22
589	4.07	0.22
590	4.09	0.22
591	4.07	0.22
592	4.02	0.22
593	3.99	0.22
594	3.9	0.22
595	3.88	0.22
596	3.89	0.22
597	3.8	0.22
598	3.99	0.22
599	4.02	0.22
600	4.07	0.22
602	3.97	0.26
604	3.77	0.26
606	3.8	0.26
608	3.8	0.26
610	3.49	0.26
612	3.52	0.26
614	3.53	0.26
616	3.66	0.26
618	3.81	0.26
620	4.09	0.26
622	4.31	0.26
624	4.63	0.26
626	4.9	0.26
628	5.01	0.26
630	5.08	0.26
632	5.05	0.26
634	4.93	0.26
636	5	0.26
638	4.8	0.26
640	5.01	0.26
642	4.75	0.26
644	4.68	0.26
646	4.72	0.26
648	4.75	0.26
650	4.71	0.26
652	4.79	0.26
654	4.77	0.26
656	4.57	0.26
658	4.58	0.26
660	4.64	0.26
662	4.8	0.26
664	4.58	0.26
666	4.5	0.26
668	4.65	0.26
670	4.42	0.26
672	4.52	0.26
674	4.46	0.26
676	4.4	0.26
678	4.26	0.26
680	4.14	0.26
682	4.15	0.26
684	4.03	0.26
686	4.13	0.26
688	3.95	0.26
690	3.7	0.26
692	3.71	0.26
694	3.64	0.26
696	3.5	0.26
698	3.57	0.26
700	3.65	0.26
702	3.76	0.26
704	3.84	0.26
706	3.93	0.26
708	4.03	0.26
710	3.98	0.26
712	4.06	0.26
714	4.29	0.26
716	4.61	0.26
718	4.75	0.26
720	4.66	0.26
722	4.65	0.26
724	4.44	0.26
726	4.32	0.26
728	4.16	0.26
730	4.16	0.26
732	4.02	0.26
734	4.15	0.26
736	4.19	0.26
738	4.21	0.26
740	4.11	0.26
742	4.17	0.26
744	4.48	0.26
746	4.67	0.26
748	4.59	0.26
750	4.6	0.26
752	4.48	0.26
754	4.55	0.26
756	4.59	0.26
758	4.26	0.26
760	4.33	0.26
762	4.11	0.26
764	4.28	0.26
766	4.11	0.26
768	4.07	0.26
770	3.99	0.26
772	3.87	0.26
774	3.76	0.26
776	3.64	0.26
778	3.56	0.26
780	3.48	0.26
782	3.54	0.26
784	3.55	0.26
786	3.68	0.26
788	3.7	0.26
790	4.16	0.26
792	4.27	0.26
794	4.74	0.26
796	4.67	0.26
798	4.68	0.26
800	4.68	0.26
802	4.73	0.26
804	4.55	0.26
806	4.53	0.26
808	4.49	0.26
810	4.31	0.26
812	4.38	0.26
814	4.12	0.26
816	4.08	0.26
818	3.9	0.26
820	3.96	0.26
822	3.9	0.26
824	3.92	0.26
826	4.11	0.26
828	3.95	0.26
830	4.04	0.26
832	4.07	0.26
834	3.95	0.26
836	3.82	0.26
838	3.99	0.26
840	4.02	0.26
842	3.81	0.26
844	3.67	0.26
846	3.58	0.26
848	3.63	0.26
850	3.5	0.26
852	3.65	0.26
854	3.63	0.26
856	3.46	0.26
858	3.42	0.26
860	3.45	0.26
862	3.68	0.26
864	3.58	0.26
866	4.06	0.26
868	4.32	0.26
870	4.51	0.26
872	4.67	0.26
874	4.68	0.26
876	4.69	0.26
878	4.59	0.26
880	4.68	0.26
882	4.42	0.26
884	4.47	0.26
886	4.47	0.26
888	4.45	0.26
890	4.39	0.26
892	4.32	0.26
894	4.41	0.26
896	4.4	0.26
898	4.33	0.26
900	4.29	0.26
902	4.17	0.26
904	4.14	0.26
906	4.12	0.26
908	3.99	0.26
910	3.99	0.26
912	4.09	0.26
914	4.03	0.26
916	4.06	0.26
918	4.37	0.26
920	4.51	0.26
922	4.55	0.26
924	4.43	0.26
926	4.38	0.26
928	4.26	0.26
930	4.1	0.26
932	4.07	0.26
934	3.98	0.26
936	4.02	0.26
938	3.86	0.26
940	3.89	0.26
942	3.69	0.26
944	3.57	0.26
946	3.63	0.26
948	3.48	0.26
950	3.44	0.26
952	3.3	0.26
954	3.39	0.26
956	3.33	0.26
958	3.73	0.26
960	4.16	0.26
962	4.42	0.26
964	4.58	0.26
966	4.3	0.26
968	4.21	0.26
970	4.09	0.26
972	3.98	0.26
974	3.87	0.26
976	3.77	0.26
978	3.72	0.26
980	3.76	0.26
982	3.99	0.26
984	4.15	0.26
986	4.24	0.26
988	4.21	0.26
990	4.11	0.26
992	4.06	0.26
994	3.94	0.26
996	3.84	0.26
998	3.84	0.26
1000	3.94	0.26
1002	4.15	0.26
1004	4.28	0.26
1006	4.22	0.26
1008	4.22	0.26
1010	4.12	0.26
1012	4.13	0.26
1014	3.99	0.26
1016	3.73	0.26
1018	3.78	0.26
1020	3.83	0.26
1022	3.57	0.26
1024	3.64	0.26
1026	3.87	0.26
1028	3.84	0.26
1030	3.95	0.26
1032	4.08	0.26
1034	4.36	0.26
1036	4.33	0.26
1038	4.54	0.26
1040	4.33	0.26
1042	4.23	0.26
1044	4.38	0.26
1046	4.22	0.26
1048	4.29	0.26
1050	4.18	0.26
1052	4.27	0.26
1054	4.25	0.26
1056	4.12	0.26
1058	4.23	0.26
1060	4.08	0.26
1062	3.94	0.26
1064	3.66	0.26
1066	3.48	0.26
1068	3.33	0.26
1070	3.34	0.26
1072	3.21	0.26
1074	3.42	0.26
1076	3.48	0.26
1078	3.54	0.26
1080	3.61	0.26
1082	3.81	0.26
1084	3.7	0.26
1086	3.89	0.26
1088	3.91	0.26
1090	3.95	0.26
1092	4.01	0.26
1094	4	0.26
1096	4.03	0.26
1098	4.29	0.26
1100	4.08	0.26
1102	4.03	0.26
1104	3.93	0.26
1106	3.83	0.26
1108	3.67	0.26
1110	3.85	0.26
1112	3.84	0.26
1114	4.12	0.26
1116	4.14	0.26
1118	4.2	0.26
1120	4.09	0.26
1122	4.47	0.26
1124	4.34	0.26
1126	4.5	0.26
1128	4.38	0.26
1130	4.32	0.26
1132	4.05	0.26
1134	4.22	0.26
1136	4.24	0.26
1138	4.02	0.26
1140	4.02	0.26
1142	3.97	0.26
1144	3.99	0.26
1146	3.86	0.26
1148	4.02	0.26
1150	3.82	0.26
1152	3.75	0.26
1154	3.76	0.26
1156	3.79	0.26
1158	3.68	0.26
1160	3.6	0.26
1162	3.6	0.26
1164	3.66	0.26
1166	3.53	0.26
1168	3.56	0.26
1170	3.6	0.26
1172	3.73	0.26
1174	3.76	0.26
1176	3.74	0.26
1178	3.8	0.26
1180	3.6	0.26
1182	3.84	0.26
1184	3.65	0.26
1186	3.77	0.26
1188	3.67	0.26
1190	4.05	0.26
1192	4.14	0.26
1194	4.27	0.26
1196	4.28	0.26
1198	4.43	0.26
1200	4.42	0.26
1202	4.2	0.26
1204	4.34	0.26
1206	4.16	0.26
1208	4.32	0.26
1210	4.2	0.26
1212	4.08	0.26
1214	4.1	0.26
1216	3.82	0.26
1218	3.73	0.26
1220	3.97	0.26
1222	3.94	0.26
1224	3.74	0.26
1226	3.63	0.26
1228	3.55	0.26
1230	3.42	0.26
1232	3.41	0.26
1234	3.34	0.26
1236	3.38	0.26
1238	3.35	0.26
1240	3.33	0.26
1242	3.47	0.26
1244	3.85	0.26
1246	4.1	0.26
1248	4.36	0.26
1250	4.31	0.26
1252	4.25	0.26
1254	4.27	0.26
1256	4.11	0.26
1258	3.9	0.26
1260	3.87	0.26
1262	4.07	0.26
1264	3.96	0.26
1266	3.91	0.26
1268	3.91	0.26
1270	3.84	0.26
1272	3.81	0.26
1274	3.84	0.26
1276	3.71	0.26
1278	3.67	0.26
1280	3.56	0.26
1282	3.65	0.26
1284	3.84	0.26
1286	3.97	0.26
1288	4.26	0.26
1290	4.35	0.26
1292	4.14	0.26
1294	3.94	0.26
1296	4.2	0.26
1298	4.15	0.26
1300	4.07	0.26
1302	4.06	0.26
1304	3.97	0.26
1306	3.9	0.26
1308	3.8	0.26
1310	3.65	0.26
1312	3.69	0.26
1314	3.71	0.26
1316	3.59	0.26
1318	3.73	0.26
1320	3.95	0.26
1322	3.94	0.26
1324	3.99	0.26
1326	4	0.26
1328	4.09	0.26
1330	4.06	0.26
1332	4.02	0.26
1334	4.19	0.26
1336	4.19	0.26
1338	4.1	0.26
1340	4.19	0.26
1342	4.07	0.26
1344	3.88	0.26
1346	3.86	0.26
1348	3.67	0.26
1350	3.59	0.26
1352	3.49	0.26
1354	3.41	0.26
1356	3.5	0.26
1358	3.55	0.26
1360	3.63	0.26
1362	3.8	0.26
1364	3.98	0.26
1366	3.99	0.26
1368	4.2	0.26
1370	4.04	0.26
1372	4.26	0.26
1374	4.21	0.26
1376	4.08	0.26
1378	4.2	0.26
1380	4.05	0.26
1382	3.96	0.26
1384	3.82	0.26
1386	3.72	0.26
1388	3.61	0.26
1390	3.73	0.26
1392	3.59	0.26
1394	3.7	0.26
1396	3.54	0.26
1398	3.49	0.26
1400	3.56	0.26
1402	3.63	0.26
1404	3.74	0.26
1406	3.97	0.26
1408	3.97	0.26
1410	4.2	0.26
1412	4.4	0.26
1414	4.22	0.26
1416	3.96	0.26
1418	3.84	0.26
1420	3.96	0.26
1422	3.83	0.26
1424	3.72	0.26
1426	3.72	0.26
1428	3.61	0.26
1430	3.52	0.26
1432	3.38	0.26
1434	3.38	0.26
1436	3.24	0.26
1438	3.24	0.26
1440	3.28	0.26
1442	3.34	0.26
1444	3.33	0.26
1446	3.36	0.26
1448	3.35	0.26
1450	3.49	0.26
1452	3.8	0.26
1454	4.2	0.26
1456	4.31	0.26
1458	4.24	0.26
1460	4.1	0.26
1462	4.07	0.26
1464	4.22	0.26
1466	3.99	0.26
1468	3.87	0.26
1470	3.62	0.26
1472	3.45	0.26
1474	3.38	0.26
1476	3.31	0.26
1478	3.42	0.26
1480	3.39	0.26
1482	3.44	0.26
1484	3.57	0.26
1486	3.42	0.26
1488	3.42	0.26
1490	3.51	0.26
1492	3.77	0.26
1494	4.05	0.26
1496	4.36	0.26
1498	4.24	0.26
1500	4.21	0.26
1502.5	4.29	0.26
1505	4.16	0.26
1507.5	4.15	0.26
1510	4.02	0.26
1512.5	3.74	0.26
1515	3.69	0.26
1517.5	3.79	0.26
1520	3.64	0.26
1522.5	3.67	0.26
1525	3.7	0.26
1527.5	3.89	0.26
1530	3.96	0.26
1532.5	4.2	0.26
1535	4.41	0.26
1537.5	4.35	0.26
1540	4.38	0.26
1542.5	4.3	0.26
1545	4.07	0.26
1547.5	3.97	0.26
1550	3.82	0.26
1552.5	3.68	0.26
1555	3.72	0.26
1557.5	3.79	0.26
1560	3.76	0.26
1562.5	3.58	0.26
1565	3.56	0.26
1567.5	3.73	0.26
1570	3.85	0.26
1572.5	4.17	0.26
1575	4.24	0.26
1577.5	4.18	0.26
1580	3.99	0.26
1582.5	3.99	0.26
1585	3.8	0.26
1587.5	3.66	0.26
1590	3.72	0.26
1592.5	3.86	0.26
1595	3.71	0.26
1597.5	3.61	0.26
1600	3.53	0.26
1602.5	3.37	0.26
1605	3.55	0.26
1607.5	3.66	0.26
1610	3.66	0.26
1612.5	3.88	0.26
1615	3.84	0.26
1617.5	3.9	0.26
1620	3.65	0.26
1622.5	3.68	0.26
1625	3.76	0.26
1627.5	4.01	0.26
1630	3.55	0.26
1632.5	3.57	0.26
1635	3.56	0.26
1637.5	3.6	0.26
1640	3.68	0.26
1642.5	3.88	0.26
1645	4.05	0.26
1647.5	4.17	0.26
1650	4.18	0.26
1652.5	4.25	0.26
1655	4.28	0.26
1657.5	4.11	0.26
1660	4.13	0.26
1662.5	4.08	0.26
1665	4.13	0.26
1667.5	3.91	0.26
1670	3.88	0.26
1672.5	3.86	0.26
1675	3.55	0.26
1677.5	3.72	0.26
1680	3.65	0.26
1682.5	3.57	0.26
1685	3.59	0.26
1687.5	3.74	0.26
1690	3.72	0.26
1692.5	3.75	0.26
1695	3.82	0.26
1697.5	3.77	0.26
1700	4.09	0.26
1702.5	4.15	0.26
1705	4.12	0.26
1707.5	4.17	0.26
1710	3.93	0.26
1712.5	3.86	0.26
1715	3.83	0.26
1717.5	3.57	0.26
1720	3.52	0.26
1722.5	3.72	0.26
1725	3.79	0.26
1727.5	3.8	0.26
1730	3.74	0.26
1732.5	3.86	0.26
1735	3.6	0.26
1737.5	3.6	0.26
1740	3.71	0.26
1742.5	3.69	0.26
1745	4.13	0.26
1747.5	4.21	0.26
1750	4.16	0.26
1752.5	3.85	0.26
1755	3.74	0.26
1757.5	3.83	0.26
1760	3.53	0.26
1762.5	3.63	0.26
1765	3.49	0.26
1767.5	3.52	0.26
1770	3.48	0.26
1772.5	3.38	0.26
1775	3.53	0.26
1777.5	3.57	0.26
1780	3.65	0.26
1782.5	3.8	0.26
1785	3.77	0.26
1787.5	3.85	0.26
1790	3.99	0.26
1792.5	4.06	0.26
1795	4.09	0.26
1797.5	3.89	0.26
1800	3.95	0.26
1802.5	3.8	0.26
1805	3.68	0.26
1807.5	3.66	0.26
1810	3.52	0.26
1812.5	3.68	0.26
1815	3.61	0.26
1817.5	3.98	0.26
1820	3.82	0.26
1822.5	3.73	0.26
1825	3.72	0.26
1827.5	3.65	0.26
1830	3.42	0.26
1832.5	3.63	0.26
1835	3.68	0.26
1837.5	3.57	0.26
1840	3.57	0.26
1842.5	3.57	0.26
1845	3.61	0.26
1847.5	3.8	0.26
1850	3.62	0.26
1852.5	3.61	0.26
1855	3.56	0.26
1857.5	3.64	0.26
1860	3.89	0.26
1862.5	4.19	0.26
1865	4.16	0.26
1867.5	3.97	0.26
1870	3.95	0.26
1872.5	3.83	0.26
1875	3.84	0.26
1877.5	3.73	0.26
1880	3.77	0.26
1882.5	3.69	0.26
1885	3.75	0.26
1887.5	3.59	0.26
1890	3.68	0.26
1892.5	3.61	0.26
1895	3.74	0.26
1897.5	3.69	0.26
1900	4.02	0.26
1902.5	3.93	0.26
1905	4.01	0.26
1907.5	3.83	0.26
1910	3.81	0.26
1912.5	3.81	0.26
1915	3.7	0.26
1917.5	3.64	0.26
1920	3.7	0.26
1922.5	3.65	0.26
1925	3.5	0.26
1927.5	3.48	0.26
1930	3.51	0.26
1932.5	3.45	0.26
1935	3.52	0.26
1937.5	3.58	0.26
1940	3.51	0.26
1942.5	4.02	0.26
1945	4.03	0.26
1947.5	4.17	0.26
1950	4.1	0.26
1952.5	4.02	0.26
1955	3.89	0.26
1957.5	3.77	0.26
1960	3.86	0.26
1962.5	3.9	0.26
1965	3.74	0.26
1967.5	3.61	0.26
1970	3.75	0.26
1972.5	3.5	0.26
1975	3.55	0.26
1977.5	3.45	0.26
1980	3.33	0.26
1982.5	3.38	0.26
1985	3.36	0.26
1987.5	3.52	0.26
1990	3.65	0.26
1992.5	3.68	0.26
1995	3.58	0.26
1997.5	3.69	0.26
2000	3.85	0.26
2002.5	3.81	0.26
2005	3.92	0.26
2007.5	3.89	0.26
2010	3.55	0.26
2012.5	3.63	0.26
2015	3.81	0.26
2017.5	3.54	0.26
2020	3.57	0.26
2022.5	3.46	0.26
2025	3.24	0.26
2027.5	3.44	0.26
2030	3.34	0.26
2032.5	3.36	0.26
2035	3.56	0.26
2037.5	3.63	0.26
2040	3.67	0.26
2042.5	3.62	0.26
2045	3.92	0.26
2047.5	3.78	0.26
2050	3.71	0.26
2052.5	3.62	0.26
2055	3.6	0.26
2057.5	3.72	0.26
2060	3.74	0.26
2062.5	3.88	0.26
2065	4.18	0.26
2067.5	4.18	0.26
2070	4.21	0.26
2072.5	4.28	0.26
2075	4.16	0.26
2077.5	4.15	0.26
2080	3.96	0.26
2082.5	3.99	0.26
2085	3.85	0.26
2087.5	3.88	0.26
2090	3.7	0.26
2092.5	3.63	0.26
2095	3.49	0.26
2097.5	3.46	0.26
2100	3.44	0.26
2102.5	3.55	0.26
2105	3.66	0.26
2107.5	3.63	0.26
2110	3.51	0.26
2112.5	3.5	0.26
2115	3.5	0.26
2117.5	3.72	0.26
2120	3.68	0.26
2122.5	3.68	0.26
2125	3.5	0.26
2127.5	3.47	0.26
2130	3.32	0.26
2132.5	3.29	0.26
2135	3.29	0.26
2137.5	3.34	0.26
2140	3.23	0.26
2142.5	3.44	0.26
2145	3.6	0.26
2147.5	4	0.26
2150	4.15	0.26
2152.5	4.22	0.26
2155	4.23	0.26
2157.5	4.1	0.26
2160	4.15	0.26
2162.5	3.94	0.26
2165	3.88	0.26
2167.5	3.77	0.26
2170	3.69	0.26
2172.5	3.67	0.26
2175	3.56	0.26
2177.5	3.5	0.26
2180	3.36	0.26
2182.5	3.41	0.26
2185	3.42	0.26
2187.5	3.38	0.26
2190	3.56	0.26
2192.5	3.68	0.26
2195	3.77	0.26
2197.5	3.83	0.26
2200	3.86	0.26
2202.5	3.83	0.26
2205	3.74	0.26
2207.5	3.6	0.26
2210	3.59	0.26
2212.5	3.46	0.26
2215	3.59	0.26
2217.5	3.61	0.26
2220	3.57	0.26
2222.5	3.49	0.26
2225	3.39	0.26
2227.5	3.42	0.26
2230	3.46	0.26
2232.5	3.49	0.26
2235	3.56	0.26
2237.5	3.8	0.26
2240	4.01	0.26
2242.5	3.87	0.26
2245	3.8	0.26
2247.5	3.72	0.26
2250	3.61	0.26
2252.5	3.45	0.26
2255	3.39	0.26
2257.5	3.32	0.26
2260	3.21	0.26
2262.5	3.3	0.26
2265	3.45	0.26
2267.5	3.37	0.26
2270	3.48	0.26
2272.5	3.5	0.26
2275	3.87	0.26
2277.5	3.8	0.26
2280	3.84	0.26
2282.5	3.91	0.26
2285	3.8	0.26
2287.5	3.69	0.26
2290	3.68	0.26
2292.5	3.46	0.26
2295	3.45	0.26
2297.5	3.27	0.26
2300	3.28	0.26
2302.5	3.36	0.26
2305	3.35	0.26
2307.5	3.43	0.26
2310	3.61	0.26
2312.5	3.7	0.26
2315	3.74	0.26
2317.5	3.75	0.26
2320	3.76	0.26
2322.5	3.6	0.26
2325	3.52	0.26
2327.5	3.64	0.26
2330	3.64	0.26
2332.5	3.52	0.26
2335	3.39	0.26
2337.5	3.29	0.26
2340	3.2	0.26
2342.5	3.33	0.26
2345	3.37	0.26
2347.5	3.25	0.26
2350	3.58	0.26
2352.5	3.72	0.26
2355	3.8	0.26
2357.5	3.96	0.26
2360	3.92	0.26
2362.5	3.76	0.26
2365	3.87	0.26
2367.5	3.63	0.26
2370	3.72	0.26
2372.5	3.63	0.26
2375	3.39	0.26
2377.5	3.38	0.26
2380	3.37	0.26
2382.5	3.24	0.26
2385	3.33	0.26
2387.5	3.48	0.26
2390	3.54	0.26
2392.5	3.6	0.26
2395	3.41	0.26
2397.5	3.46	0.26
2400	3.48	0.26
2402.5	3.67	0.26
2405	3.69	0.26
2407.5	3.41	0.26
2410	3.29	0.26
2412.5	3.37	0.26
2415	3.37	0.26
2417.5	3.33	0.26
2420	3.35	0.26
2422.5	3.53	0.26
2425	3.49	0.26
2427.5	3.66	0.26
2430	3.93	0.26
2432.5	4.17	0.26
2435	4.09	0.26
2437.5	4.14	0.26
2440	4.01	0.26
2442.5	4	0.26
2445	3.95	0.26
2447.5	3.91	0.26
2450	3.73	0.26
2452.5	3.69	0.26
2455	3.45	0.26
2457.5	3.39	0.26
2460	3.39	0.26
2462.5	3.21	0.26
2465	3.25	0.26
2467.5	3.31	0.26
2470	3.32	0.26
2472.5	3.43	0.26
2475	3.57	0.26
2477.5	3.7	0.26
2480	3.7	0.26
2482.5	3.96	0.26
2485	3.99	0.26
2487.5	4.16	0.26
2490	3.83	0.26
2492.5	3.65	0.26
2495	3.62	0.26
2497.5	3.43	0.26
2500	3.18	0.26
2502.5	3.35	0.26
2505	3.48	0.26
2507.5	3.42	0.26
2510	3.65	0.26
2512.5	3.76	0.26
2515	3.89	0.26
2517.5	4.12	0.26
2520	4.13	0.26
2522.5	4.06	0.26
2525	4.13	0.26
2527.5	4.03	0.26
2530	3.89	0.26
2532.5	3.93	0.26
2535	3.73	0.26
2537.5	3.74	0.26
2540	3.63	0.26
2542.5	3.35	0.26
2545	3.27	0.26
2547.5	3.18	0.26
2550	3.21	0.26
2552.5	3.28	0.26
2555	3.43	0.26
2557.5	3.39	0.26
2560	3.37	0.26
2562.5	3.38	0.26
2565	3.63	0.26
2567.5	3.53	0.26
2570	3.47	0.26
2572.5	3.47	0.26
2575	3.41	0.26
2577.5	3.32	0.26
2580	3.23	0.26
2582.5	3.26	0.26
2585	3.16	0.26
2587.5	3.27	0.26
2590	3.43	0.26
2592.5	3.45	0.26
2595	3.47	0.26
2597.5	3.74	0.26
2600	3.9	0.26
2602.5	3.86	0.26
2605	3.81	0.26
2607.5	3.85	0.26
2610	3.62	0.26
2612.5	3.64	0.26
2615	3.44	0.26
2617.5	3.45	0.26
2620	3.27	0.26
2622.5	3.24	0.26
2625	3.31	0.26
2627.5	3.26	0.26
2630	3.23	0.26
2632.5	3.44	0.26
2635	3.45	0.26
2637.5	3.48	0.26
2640	3.66	0.26
2642.5	3.72	0.26
2645	3.84	0.26
2647.5	3.69	0.26
2650	3.51	0.26
2652.5	3.41	0.26
2655	3.35	0.26
2657.5	3.14	0.26
2660	3.23	0.26
2662.5	3.05	0.26
2665	3.25	0.26
2667.5	3.24	0.26
2670	3.19	0.26
2672.5	3.2	0.26
2675	3.22	0.26
2677.5	3.36	0.26
2680	3.37	0.26
2682.5	3.54	0.26
2685	3.68	0.26
2687.5	3.75	0.26
2690	3.61	0.26
2692.5	3.53	0.26
2695	3.61	0.26
2697.5	3.57	0.26
2700	3.61	0.26
2702.5	3.48	0.26
2705	3.79	0.26
2707.5	3.76	0.26
2710	3.7	0.26
2712.5	3.76	0.26
2715	3.87	0.26
2717.5	3.8	0.26
2720	3.8	0.26
2722.5	3.77	0.26
2725	3.66	0.26
2727.5	3.61	0.26
2730	3.47	0.26
2732.5	3.39	0.26
2735	3.27	0.26
2737.5	3.12	0.26
2740	3.18	0.26
2742.5	3.04	0.26
2745	3.15	0.26
2747.5	3.09	0.26
2750	3.13	0.26
2752.5	3.21	0.26
2755	3.19	0.26
2757.5	3.16	0.26
2760	3.27	0.26
2762.5	3.24	0.26
2765	3.24	0.26
2767.5	3.15	0.26
2770	3.13	0.26
2772.5	3.28	0.26
2775	3.31	0.26
2777.5	3.23	0.26
2780	3.18	0.26
2782.5	3.16	0.26
2785	3.19	0.26
2787.5	3.24	0.26
2790	3.21	0.26
2792.5	3.26	0.26
2795	3.41	0.26
2797.5	3.4	0.26
2800	3.5	0.26
2802.5	3.74	0.26
2805	3.78	0.26
2807.5	3.73	0.26
2810	3.65	0.26
2812.5	3.66	0.26
2815	3.63	0.26
2817.5	3.45	0.26
2820	3.38	0.26
2822.5	3.26	0.26
2825	3.15	0.26
2827.5	3.12	0.26
2830	3.16	0.26
2832.5	3.11	0.26
2835	3.17	0.26
2837.5	3.27	0.26
2840	3.34	0.26
2842.5	3.42	0.26
2845	3.38	0.26
2847.5	3.5	0.26
2850	3.4	0.26
2852.5	3.42	0.26
2855	3.44	0.26
2857.5	3.33	0.26
2860	3.19	0.26
2862.5	3.25	0.26
2865	3.37	0.26
2867.5	3.31	0.26
2870	3.3	0.26
2872.5	3.23	0.26
2875	3.23	0.26
2877.5	3.47	0.26
2880	3.48	0.26
2882.5	3.45	0.26
2885	3.5	0.26
2887.5	3.46	0.26
2890	3.49	0.26
2892.5	3.34	0.26
2895	3.29	0.26
2897.5	3.14	0.26
2900	3.22	0.26
2902.5	3.21	0.26
2905	3.32	0.26
2907.5	3.28	0.26
2910	3.27	0.26
2912.5	3.3	0.26
2915	3.49	0.26
2917.5	3.41	0.26
2920	3.51	0.26
2922.5	3.5	0.26
2925	3.5	0.26
2927.5	3.33	0.26
2930	3.43	0.26
2932.5	3.51	0.26
2935	3.31	0.26
2937.5	3.18	0.26
2940	3.09	0.26
2942.5	2.95	0.26
2945	2.95	0.26
2947.5	3.06	0.26
2950	2.93	0.26
2952.5	2.92	0.26
2955	3.16	0.26
2957.5	3.23	0.26
2960	3.08	0.26
2962.5	3.18	0.26
2965	3.16	0.26
2967.5	3.35	0.26
2970	3.3	0.26
2972.5	3.33	0.26
2975	3.48	0.26
2977.5	3.43	0.26
2980	3.45	0.26
2982.5	3.26	0.26
2985	3.07	0.26
2987.5	3.15	0.26
2990	3.18	0.26
2992.5	3.21	0.26
2995	3.2	0.26
2997.5	3.22	0.26
3000	3.36	0.26
3005	3.44	0.26
3010	3.46	0.26
3015	3.52	0.26
3020	3.49	0.26
3025	3.32	0.26
3030	3.13	0.26
3035	3.09	0.26
3040	3.23	0.26
3045	3.31	0.26
3050	3.33	0.26
3055	3.14	0.26
3060	2.95	0.26
3065	3.05	0.26
3070	3.09	0.26
3075	3.1	0.26
3080	3.09	0.26
3085	2.94	0.26
3090	3.18	0.26
3095	3.18	0.26
3100	3.08	0.26
3105	3.06	0.26
3110	3.13	0.26
3115	3.22	0.26
3120	3.26	0.26
3125	3.34	0.26
3130	3.38	0.26
3135	3.45	0.26
3140	3.38	0.26
3145	3.35	0.26
3150	3.16	0.26
3155	2.95	0.26
3160	3.01	0.26
3165	3.04	0.26
3170	3.14	0.26
3175	3.19	0.26
3180	3.16	0.26
3185	3.08	0.26
3190	2.95	0.26
3195	3.09	0.26
3200	3.02	0.26
3205	3	0.26
3210	3.02	0.26
3215	3.2	0.26
3220	3.13	0.26
3225	3.21	0.26
3230	3.13	0.26
3235	3.24	0.26
3240	3.04	0.26
3245	3.04	0.26
3250	3.03	0.26
3255	3.17	0.26
3260	3.16	0.26
3265	3.32	0.26
3270	3.27	0.26
3275	3.33	0.26
3280	3.26	0.26
3285	3.4	0.26
3290	3.65	0.26
3295	3.74	0.26
3300	3.71	0.26
3305	3.42	0.26
3310	3.37	0.26
3315	3.22	0.26
3320	3.1	0.26
3325	3.2	0.26
3330	3.21	0.26
3335	3.25	0.26
3340	3.41	0.26
3345	3.31	0.26
3350	3.18	0.26
3355	3.22	0.26
3360	3.17	0.26
3365	3.11	0.26
3370	3.15	0.26
3375	3.35	0.26
3380	3.35	0.26
3385	3.25	0.26
3390	3.16	0.26
3395	3.08	0.26
3400	3.13	0.26
3405	3.14	0.26
3410	3.08	0.26
3415	2.99	0.26
3420	3.1	0.26
3425	3.2	0.26
3430	3.11	0.26
3435	2.9	0.26
3440	2.9	0.26
3445	3.04	0.26
3450	3.12	0.26
3455	3.03	0.26
3460	3.07	0.26
3465	3.23	0.26
3470	3.09	0.26
3475	2.92	0.26
3480	2.89	0.26
3485	3	0.26
3490	2.98	0.26
3495	3.06	0.26
3500	2.93	0.26
3505	2.95	0.26
3510	2.97	0.26
3515	3.04	0.26
3520	3.11	0.26
3525	3.18	0.26
3530	3.14	0.26
3535	3.01	0.26
3540	2.92	0.26
3545	3.01	0.26
3550	3.11	0.26
3555	3.12	0.26
3560	3.14	0.26
3565	3.05	0.26
3570	2.89	0.26
3575	2.94	0.26
3580	3.18	0.26
3585	3.16	0.26
3590	3.15	0.26
3595	2.99	0.26
3600	3	0.26
3605	3.09	0.26
3610	2.93	0.26
3615	3.04	0.26
3620	3.2	0.26
3625	3.33	0.26
3630	3.41	0.26
3635	3.29	0.26
3640	3.05	0.26
3645	2.98	0.26
3650	2.96	0.26
3655	3.14	0.26
3660	3.18	0.26
3665	3.4	0.26
3670	3.45	0.26
3675	3.21	0.26
3680	3.05	0.26
3685	2.98	0.26
3690	2.92	0.26
3695	3.02	0.26
3700	3.05	0.26
3705	3.1	0.26
3710	3.28	0.26
3715	3.29	0.26
3720	2.97	0.26
3725	2.83	0.26
3730	3	0.26
3735	2.93	0.26
3740	2.96	0.26
3745	3.2	0.26
3750	3.08	0.26
3755	2.98	0.26
3760	2.93	0.26
3765	2.89	0.26
3770	3.09	0.26
3775	3.08	0.26
3780	3.05	0.26
3785	2.97	0.26
3790	3.06	0.26
3795	3.21	0.26
3800	3	0.26
3805	3.1	0.26
3810	3.05	0.26
3815	3	0.26
3820	2.99	0.26
3825	3.22	0.26
3830	3.26	0.26
3835	3.05	0.26
3840	2.86	0.26
3845	2.88	0.26
3850	2.9	0.26
3855	2.89	0.26
3860	2.89	0.26
3865	3.17	0.26
3870	3.16	0.26
3875	3.25	0.26
3880	3.01	0.26
3885	2.95	0.26
3890	2.89	0.26
3895	3.06	0.26
3900	2.92	0.26
3905	2.92	0.26
3910	2.87	0.26
3915	3.07	0.26
3920	3.08	0.26
3925	2.91	0.26
3930	2.89	0.26
3935	2.83	0.26
3940	2.97	0.26
3945	3.04	0.26
3950	3.02	0.26
3955	2.9	0.26
3960	2.89	0.26
3965	2.94	0.26
3970	3.01	0.26
3975	3.01	0.26
3980	3.06	0.26
3985	3.06	0.26
3990	3.24	0.26
3995	3.3	0.26
4000	3.23	0.26
4005	3.16	0.26
4010	2.96	0.26
4015	2.95	0.26
4020	3.07	0.26
4025	3.02	0.26
4030	3.12	0.26
4035	3.17	0.26
4040	3.2	0.26
4045	3.16	0.26
4050	3.06	0.26
4055	3.06	0.26
4060	3.1	0.26
4065	3.01	0.26
4070	3.08	0.26
4075	3.02	0.26
4080	3.01	0.26
4085	3.03	0.26
4090	3.07	0.26
4095	3.07	0.26
4100	2.87	0.26
4105	2.88	0.26
4110	2.87	0.26
4115	2.91	0.26
4120	2.94	0.26
4125	3	0.26
4130	2.82	0.26
4135	2.98	0.26
4140	2.92	0.26
4145	2.98	0.26
4150	3.11	0.26
4155	3.16	0.26
4160	3.11	0.26
4165	3	0.26
4170	3.06	0.26
4175	2.99	0.26
4180	2.87	0.26
4185	2.86	0.26
4190	2.95	0.26
4195	3.04	0.26
4200	3.11	0.26
4205	3.04	0.26
4210	3	0.26
4215	2.85	0.26
4220	3	0.26
4225	2.98	0.26
4230	2.91	0.26
4235	3.03	0.26
4240	3.03	0.26
4245	3.06	0.26
4250	2.99	0.26
4255	3.1	0.26
4260	2.95	0.26
4265	2.96	0.26
4270	2.88	0.26
4275	3.06	0.26
4280	2.9	0.26
4285	2.95	0.26
4290	3.02	0.26
4295	3.03	0.26
4300	3.04	0.26
4305	2.88	0.26
4310	2.86	0.26
4315	2.85	0.26
4320	2.84	0.26
4325	2.83	0.26
4330	3	0.26
4335	2.85	0.26
4340	2.73	0.26
4345	2.87	0.26
4350	2.84	0.26
4355	2.89	0.26
4360	3.03	0.26
4365	3.07	0.26
4370	2.95	0.26
4375	2.89	0.26
4380	2.98	0.26
4385	2.76	0.26
4390	2.83	0.26
4395	2.94	0.26
4400	2.99	0.26
4405	3.08	0.26
4410	3.03	0.26
4415	3.13	0.26
4420	2.97	0.26
4425	2.94	0.26
4430	2.88	0.26
4435	2.92	0.26
4440	2.88	0.26
4445	2.9	0.26
4450	3.03	0.26
4455	2.95	0.26
4460	2.85	0.26
4465	2.85	0.26
4470	2.87	0.26
4475	2.86	0.26
4480	2.95	0.26
4485	2.92	0.26
4490	3.1	0.26
4495	3.1	0.26
4500	3.12	0.26
4505	3.07	0.26
4510	2.93	0.26
4515	2.99	0.26
4520	2.79	0.26
4525	3.01	0.26
4530	3.04	0.26
4535	3.09	0.26
4540	2.87	0.26
4545	2.81	0.26
4550	2.88	0.26
4555	2.9	0.26
4560	3.02	0.26
4565	2.93	0.26
4570	2.98	0.26
4575	3.16	0.26
4580	3.11	0.26
4585	3.1	0.26
4590	3	0.26
4595	3	0.26
4600	2.98	0.26
4605	3.09	0.26
4610	3.14	0.26
4615	3.05	0.26
4620	3.04	0.26
4625	3.01	0.26
4630	3.02	0.26
4635	2.95	0.26
4640	2.95	0.26
4645	2.93	0.26
4650	3.09	0.26
4655	3.13	0.26
4660	2.88	0.26
4665	2.97	0.26
4670	2.86	0.26
4675	2.92	0.26
4680	2.86	0.26
4685	3.06	0.26
4690	3.17	0.26
4695	3.08	0.26
4700	3.13	0.26
4705	2.97	0.26
4710	2.92	0.26
4715	3.03	0.26
4720	2.95	0.26
4725	3.13	0.26
4730	3.14	0.26
4735	3.09	0.26
4740	2.91	0.26
4745	2.96	0.26
4750	3.04	0.26
4755	2.86	0.26
4760	2.92	0.26
4765	3	0.26
4770	3.2	0.26
4775	3.17	0.26
4780	3	0.26
4785	2.99	0.26
4790	2.93	0.26
4795	2.96	0.26
4800	2.99	0.26
4805	2.99	0.26
4810	3.15	0.26
4815	3.15	0.26
4820	3.03	0.26
4825	2.83	0.26
4830	2.85	0.26
4835	2.96	0.26
4840	3.04	0.26
4845	3.24	0.26
4850	3.3	0.26
4855	3.08	0.26
4860	3.06	0.26
4865	2.98	0.26
4870	2.88	0.26
4875	2.86	0.26
4880	2.91	0.26
4885	3.18	0.26
4890	3.27	0.26
4895	3.3	0.26
4900	3.15	0.26
4905	3.03	0.26
4910	2.85	0.26
4915	2.85	0.26
4920	2.96	0.26
4925	2.77	0.26
4930	2.91	0.26
4935	3.03	0.26
4940	3.07	0.26
4945	3.03	0.26
4950	3.05	0.26
4955	2.84	0.26
4960	2.86	0.26
4965	2.91	0.26
4970	2.93	0.26
4975	2.94	0.26
4980	3.17	0.26
4985	2.95	0.26
4990	2.74	0.26
4995	2.85	0.26
5000	2.79	0.26
5005	2.95	0.26
5010	2.94	0.26
5015	2.87	0.26
5020	2.74	0.26
5025	2.74	0.26
5030	2.77	0.26
5035	2.79	0.26
5040	3.06	0.26
5045	3.17	0.26
5050	3.04	0.26
5055	3.06	0.26
5060	2.85	0.26
5065	2.9	0.26
5070	2.93	0.26
5075	2.69	0.26
5080	2.78	0.26
5085	2.81	0.26
5090	2.66	0.26
5095	2.88	0.26
5100	3	0.26
5105	3.04	0.26
5110	2.92	0.26
5115	2.86	0.26
5120	2.8	0.26
5125	2.72	0.26
5130	2.68	0.26
5135	2.65	0.26
5140	2.94	0.26
5145	2.9	0.26
5150	2.89	0.26
5155	2.91	0.26
5160	2.82	0.26
5165	2.95	0.26
5170	3.02	0.26
5175	3.21	0.26
5180	3.11	0.26
5185	3.02	0.26
5190	3	0.26
5195	2.82	0.26
5200	2.86	0.26
5205	3	0.26
5210	2.96	0.26
5215	2.87	0.26
5220	2.84	0.26
5225	2.93	0.26
5230	2.98	0.26
5235	2.77	0.26
5240	2.92	0.26
5245	2.97	0.26
5250	3.06	0.26
5255	3.09	0.26
5260	3.01	0.26
5265	2.98	0.26
5270	2.8	0.26
5275	2.89	0.26
5280	2.89	0.26
5285	2.8	0.26
5290	2.92	0.26
5295	2.97	0.26
5300	2.91	0.26
5305	2.79	0.26
5310	2.79	0.26
5315	2.84	0.26
5320	2.91	0.26
