Age(kyr) mean(permil) sigma(permil)
0	3.21913750000000	0.152932540000000
1	3.22252180000000	0.211490190000000
2	3.22287430000000	0.142701890000000
3	3.26897740000000	0.203982720000000
4	3.22570860000000	0.162448900000000
5	3.26701750000000	0.148471800000000
6	3.38669300000000	0.355136350000000
7	3.30747890000000	0.134399030000000
8	3.37978820000000	0.185111870000000
9	3.46214960000000	0.130009910000000
10	3.57838980000000	0.294548480000000
11	3.72342170000000	0.239064700000000
12	3.92481640000000	0.294674500000000
13	3.99703230000000	0.167478890000000
14	4.13909200000000	0.220077880000000
15	4.15404990000000	0.380307760000000
16	4.40542790000000	0.161480050000000
17	4.62037980000000	0.259900490000000
18	4.71966830000000	0.269549100000000
19	4.87312430000000	0.185998110000000
20	4.88575040000000	0.174246910000000
21	4.90620640000000	0.123149200000000
22	4.93904240000000	0.0908514910000000
23	4.89004460000000	0.133046030000000
24	4.87567480000000	0.122694720000000
25	4.87152220000000	0.0923115750000000
26	4.57395610000000	0.443313740000000
27	4.82651240000000	0.140552340000000
28	4.78902600000000	0.0915687140000000
29	4.75420620000000	0.132429250000000
30	4.73270110000000	0.150016990000000
31	4.69880800000000	0.124401420000000
32	4.67792430000000	0.123225480000000
33	4.69663070000000	0.183377220000000
34	4.69137770000000	0.131271860000000
35	4.63525210000000	0.117369380000000
36	4.62582190000000	0.100471960000000
37	4.55412000000000	0.139108070000000
38	4.48247730000000	0.266080060000000
39	4.54905600000000	0.111619460000000
40	4.54051550000000	0.131705990000000
41	4.44640150000000	0.196970720000000
42	4.49880560000000	0.149237310000000
43	4.53324740000000	0.102560730000000
44	4.53087380000000	0.120125960000000
45	4.52234310000000	0.104739330000000
46	4.47076140000000	0.118671950000000
47	4.46548440000000	0.0927398820000000
48	4.47155460000000	0.180529110000000
49	4.44306390000000	0.146655250000000
50	4.38938210000000	0.166314910000000
51	4.46470260000000	0.0837536280000000
52	4.45176290000000	0.217767120000000
53	4.44064140000000	0.146273980000000
54	4.40282700000000	0.0791992070000000
55	4.35773550000000	0.129803160000000
56	4.31688560000000	0.110568490000000
57	4.30535620000000	0.112463800000000
58	4.32566830000000	0.144308680000000
59	4.34196530000000	0.135737550000000
60	4.33528050000000	0.121911080000000
61	4.34664940000000	0.201535250000000
62	4.39402700000000	0.104968600000000
63	4.41910820000000	0.128815010000000
64	4.37146650000000	0.230460460000000
65	4.37583320000000	0.233889340000000
66	4.52377190000000	0.111877350000000
67	4.52654500000000	0.154908390000000
68	4.53711610000000	0.178517630000000
69	4.55303310000000	0.104021820000000
70	4.52138190000000	0.129438590000000
71	4.42099040000000	0.277879630000000
72	4.46880140000000	0.128503700000000
73	4.41161990000000	0.111640410000000
74	4.31914740000000	0.168782900000000
75	4.27954400000000	0.244512330000000
76	4.24394970000000	0.135090970000000
77	4.23478370000000	0.175816880000000
78	4.17552190000000	0.141861500000000
79	4.10123400000000	0.200993630000000
80	4.06598560000000	0.146326770000000
81	4.01089330000000	0.142788930000000
82	3.97471200000000	0.216293920000000
83	3.95307090000000	0.219655000000000
84	3.94066760000000	0.371799250000000
85	3.97519740000000	0.361152130000000
86	3.94549350000000	0.314734890000000
87	3.97202920000000	0.299770600000000
88	4.09021590000000	0.252385170000000
89	4.15611020000000	0.248734860000000
90	4.21663140000000	0.227399390000000
91	4.15333750000000	0.167983880000000
92	4.12738580000000	0.137803610000000
93	4.10976360000000	0.132270370000000
94	4.01373660000000	0.158278710000000
95	3.97670950000000	0.104826770000000
96	3.94981920000000	0.145115090000000
97	3.88509610000000	0.0830331190000000
98	3.79439830000000	0.162975360000000
99	3.81226260000000	0.348249910000000
100	3.80918240000000	0.0979718400000000
101	3.86271180000000	0.169223210000000
102	3.93355290000000	0.248295700000000
103	3.87022170000000	0.234764710000000
104	3.85697920000000	0.140860480000000
105	3.85487480000000	0.316910980000000
106	3.91597200000000	0.207059940000000
107	3.92669360000000	0.265741000000000
108	3.96967100000000	0.264303330000000
109	3.98756630000000	0.228364350000000
110	3.99496740000000	0.302327850000000
111	4.03809820000000	0.152825370000000
112	4.04080390000000	0.202421920000000
113	3.98790550000000	0.248929280000000
114	3.95263960000000	0.106480960000000
115	3.88366360000000	0.265917960000000
116	3.74896530000000	0.220121740000000
117	3.62285900000000	0.180624600000000
118	3.59772600000000	0.295082070000000
119	3.35935350000000	0.147927230000000
120	3.34931860000000	0.207301910000000
121	3.44108150000000	0.450207300000000
122	3.14706620000000	0.111543320000000
123	3.09710230000000	0.100400890000000
124	3.31724840000000	0.388100220000000
125	3.06371320000000	0.143911890000000
126	3.13128680000000	0.183953150000000
127	3.37916350000000	0.361827920000000
128	3.57352930000000	0.469651410000000
129	3.98379140000000	0.568918090000000
130	3.84000520000000	0.378814450000000
131	4.02527190000000	0.264088190000000
132	4.29732030000000	0.227097350000000
133	4.38494910000000	0.382234450000000
134	4.61101580000000	0.228583040000000
135	4.82051100000000	0.129954350000000
136	4.70733730000000	0.294414340000000
137	4.85486930000000	0.160838900000000
138	4.88943710000000	0.125029590000000
139	4.80878690000000	0.271828380000000
140	4.91259360000000	0.146344270000000
141	4.85295930000000	0.121180500000000
142	4.76092280000000	0.207183920000000
143	4.78022300000000	0.152907200000000
144	4.73261400000000	0.101496810000000
145	4.65904470000000	0.300792820000000
146	4.68903080000000	0.128996760000000
147	4.65051790000000	0.191056080000000
148	4.61668190000000	0.132545580000000
149	4.56620220000000	0.325663470000000
150	4.61157680000000	0.120949360000000
151	4.60744160000000	0.149246280000000
152	4.59903380000000	0.118266340000000
153	4.56651170000000	0.175475860000000
154	4.61178630000000	0.112940200000000
155	4.55606610000000	0.305801400000000
156	4.64936790000000	0.141722540000000
157	4.65621510000000	0.199858630000000
158	4.68061190000000	0.155525620000000
159	4.66679670000000	0.157266650000000
160	4.67749790000000	0.220345580000000
161	4.69820380000000	0.0832774270000000
162	4.64430910000000	0.357894990000000
163	4.65637880000000	0.110856860000000
164	4.64787780000000	0.187652620000000
165	4.60185460000000	0.0997814710000000
166	4.52565540000000	0.107002070000000
167	4.49433580000000	0.240854370000000
168	4.54265650000000	0.111906010000000
169	4.50348200000000	0.119670120000000
170	4.42051110000000	0.232923730000000
171	4.45007680000000	0.130760600000000
172	4.46966670000000	0.0847074940000000
173	4.42366140000000	0.102338630000000
174	4.37647430000000	0.176845470000000
175	4.33948170000000	0.145127570000000
176	4.31869170000000	0.242164540000000
177	4.38170380000000	0.187868410000000
178	4.31575040000000	0.224870630000000
179	4.27233630000000	0.296287460000000
180	4.41247530000000	0.142061420000000
181	4.42416310000000	0.0866612100000000
182	4.42101790000000	0.0722607820000000
183	4.41433940000000	0.132002710000000
184	4.44609810000000	0.127467990000000
185	4.48922640000000	0.310915750000000
186	4.49153920000000	0.0986472840000000
187	4.47297040000000	0.129283230000000
188	4.35204640000000	0.178371460000000
189	4.26931550000000	0.143794410000000
190	4.15842640000000	0.201369830000000
191	4.16893330000000	0.256342790000000
192	4.10816990000000	0.267750700000000
193	4.06666070000000	0.304296410000000
194	4.01086430000000	0.173675530000000
195	3.99129060000000	0.194383150000000
196	3.88812910000000	0.158021600000000
197	3.77120310000000	0.138897160000000
198	3.76274140000000	0.233239210000000
199	3.59790190000000	0.164262620000000
200	3.75343690000000	0.389658140000000
201	3.51662650000000	0.146118520000000
202	3.53025220000000	0.176621940000000
203	3.70951950000000	0.251370840000000
204	3.72441380000000	0.270647590000000
205	3.77990310000000	0.305162880000000
206	3.72440310000000	0.205774090000000
207	3.82041810000000	0.249728030000000
208	3.70697670000000	0.0896901610000000
209	3.76728240000000	0.192323390000000
210	3.63848580000000	0.127054530000000
211	3.54476320000000	0.0904377160000000
212	3.66883510000000	0.420171740000000
213	3.60066920000000	0.295470760000000
214	3.48375330000000	0.166522220000000
215	3.57868490000000	0.325290130000000
216	3.53004590000000	0.112571140000000
217	3.55099780000000	0.222711000000000
218	3.75623920000000	0.259303890000000
219	4.05538630000000	0.396007860000000
220	4.05306580000000	0.437355150000000
221	4.16590010000000	0.384729220000000
222	4.30683580000000	0.229446270000000
223	4.41020740000000	0.147464230000000
224	4.42867220000000	0.136260840000000
225	4.29226380000000	0.278200170000000
226	4.34468650000000	0.174719320000000
227	4.24770930000000	0.158916860000000
228	4.26313050000000	0.172582970000000
229	4.09924420000000	0.322714680000000
230	4.16817500000000	0.165778420000000
231	4.12966190000000	0.182412110000000
232	4.03361360000000	0.261001160000000
233	3.94427950000000	0.265592780000000
234	3.87364990000000	0.201424150000000
235	3.68498400000000	0.166495940000000
236	3.72546710000000	0.318191950000000
237	3.48448960000000	0.102188730000000
238	3.52032670000000	0.225605780000000
239	3.41355520000000	0.144717760000000
240	3.36855290000000	0.234597630000000
241	3.70489710000000	0.497981690000000
242	3.63955640000000	0.360038300000000
243	3.84582620000000	0.382072260000000
244	4.04134430000000	0.327145890000000
245	4.24332320000000	0.246105940000000
246	4.34706830000000	0.0966974320000000
247	4.22931260000000	0.385581390000000
248	4.45572610000000	0.173816390000000
249	4.52582390000000	0.172038200000000
250	4.60555510000000	0.262934750000000
251	4.63052570000000	0.258682490000000
252	4.61422490000000	0.220174790000000
253	4.55199640000000	0.165808820000000
254	4.55507470000000	0.131200570000000
255	4.40937770000000	0.304655260000000
256	4.48790670000000	0.176197810000000
257	4.47536790000000	0.124129780000000
258	4.42073800000000	0.176062600000000
259	4.47830740000000	0.105520800000000
260	4.41841250000000	0.114077860000000
261	4.41011530000000	0.101471400000000
262	4.40471090000000	0.131283830000000
263	4.41786180000000	0.329854860000000
264	4.38620660000000	0.243038340000000
265	4.41037790000000	0.309146330000000
266	4.48424200000000	0.179010870000000
267	4.52518930000000	0.116403930000000
268	4.42871400000000	0.281965540000000
269	4.48942860000000	0.103761790000000
270	4.57129890000000	0.119216240000000
271	4.52682290000000	0.180170710000000
272	4.41586040000000	0.285431450000000
273	4.50954690000000	0.118473420000000
274	4.46315200000000	0.0885707190000000
275	4.40766300000000	0.155607200000000
276	4.29549560000000	0.211193960000000
277	4.31920370000000	0.106859170000000
278	4.27613530000000	0.176890790000000
279	4.33102990000000	0.153126230000000
280	4.25703610000000	0.217729750000000
281	4.09400590000000	0.173157070000000
282	4.06335440000000	0.158615140000000
283	3.91746400000000	0.137258830000000
284	3.83687370000000	0.142879200000000
285	3.81449880000000	0.101212490000000
286	3.78434460000000	0.108594620000000
287	3.81975250000000	0.157449130000000
288	3.83678620000000	0.186617730000000
289	3.91547260000000	0.135008230000000
290	4.00985300000000	0.222411710000000
291	4.12628260000000	0.118139430000000
292	4.22118870000000	0.191232690000000
293	4.20401590000000	0.239580080000000
294	4.28814830000000	0.133434620000000
295	4.34960780000000	0.121150150000000
296	4.26052700000000	0.248367460000000
297	4.34357220000000	0.122413200000000
298	4.24388460000000	0.167443610000000
299	4.22939690000000	0.229700090000000
300	4.19877800000000	0.225828080000000
301	4.12279510000000	0.147053510000000
302	4.03952610000000	0.174120940000000
303	3.99812820000000	0.194477070000000
304	3.95964810000000	0.222703540000000
305	3.92439660000000	0.160883410000000
306	3.96650870000000	0.165121760000000
307	3.99139720000000	0.107351820000000
308	3.96421380000000	0.126838630000000
309	3.98919350000000	0.225557850000000
310	3.85987540000000	0.110100290000000
311	3.78095120000000	0.107247480000000
312	3.75811900000000	0.195444600000000
313	3.64870850000000	0.144514130000000
314	3.67672070000000	0.119236280000000
315	3.59808850000000	0.230485730000000
316	3.69415650000000	0.146285000000000
317	3.69643910000000	0.189850730000000
318	3.63140390000000	0.156641430000000
319	3.59053810000000	0.0848131110000000
320	3.75567440000000	0.276103740000000
321	3.53133520000000	0.137908060000000
322	3.44988940000000	0.106391620000000
323	3.36844270000000	0.230031150000000
324	3.29271580000000	0.0710012170000000
325	3.35302880000000	0.254757830000000
326	3.22118150000000	0.0987378910000000
327	3.17093130000000	0.0819611310000000
328	3.37466960000000	0.328341610000000
329	3.15445320000000	0.142244930000000
330	3.39408200000000	0.370228580000000
331	3.25854930000000	0.215031710000000
332	3.61130460000000	0.500987570000000
333	3.48978930000000	0.422156600000000
334	3.61608010000000	0.260521590000000
335	3.87825390000000	0.231694250000000
336	4.09563440000000	0.317797720000000
337	4.37201810000000	0.346541870000000
338	4.33637860000000	0.442816450000000
339	4.57781630000000	0.214138350000000
340	4.50887690000000	0.463974940000000
341	4.82627900000000	0.205506710000000
342	4.71872430000000	0.253387780000000
343	4.82140080000000	0.177714830000000
344	4.58953130000000	0.379556840000000
345	4.76113400000000	0.147315480000000
346	4.73311230000000	0.0907634940000000
347	4.66238560000000	0.184943550000000
348	4.44129080000000	0.417995270000000
349	4.64694470000000	0.0828137840000000
350	4.57030810000000	0.116908190000000
351	4.62740110000000	0.103170350000000
352	4.44552170000000	0.418973040000000
353	4.57926040000000	0.104957220000000
354	4.31899680000000	0.434136770000000
355	4.52475700000000	0.134984960000000
356	4.49791080000000	0.212620400000000
357	4.49973430000000	0.135337830000000
358	4.49534280000000	0.123144070000000
359	4.22602040000000	0.523539260000000
360	4.48167780000000	0.119899850000000
361	4.31731440000000	0.323305280000000
362	4.44362110000000	0.149900360000000
363	4.51389730000000	0.0897969830000000
364	4.29744840000000	0.357888840000000
365	4.45437880000000	0.0860618660000000
366	4.26275930000000	0.386895050000000
367	4.38950380000000	0.0927390450000000
368	4.39116520000000	0.102763770000000
369	4.35401470000000	0.0915272790000000
370	4.32119930000000	0.106535750000000
371	4.26290580000000	0.176798210000000
372	4.26649320000000	0.0821135980000000
373	4.19305240000000	0.215208820000000
374	4.24047130000000	0.148955750000000
375	4.20713250000000	0.186316680000000
376	4.18700830000000	0.155824690000000
377	4.18053630000000	0.134764540000000
378	4.16254870000000	0.118523980000000
379	4.14084880000000	0.133024320000000
380	4.16179510000000	0.169175580000000
381	4.15269270000000	0.218565380000000
382	4.13086050000000	0.317620350000000
383	4.07773860000000	0.206135300000000
384	4.02948840000000	0.241253450000000
385	4.10679880000000	0.337850770000000
386	4.03458120000000	0.0914407100000000
387	4.03472560000000	0.282775590000000
388	3.93281710000000	0.108663800000000
389	3.86127570000000	0.101667470000000
390	3.86099650000000	0.121202600000000
391	3.89957000000000	0.269701720000000
392	3.88934670000000	0.267490870000000
393	3.77253170000000	0.188114430000000
394	3.88367870000000	0.286470920000000
395	3.67151260000000	0.167712980000000
396	3.65453790000000	0.197210070000000
397	3.52749760000000	0.128649620000000
398	3.49232180000000	0.163223070000000
399	3.48545300000000	0.437787130000000
400	3.34915660000000	0.0849633570000000
401	3.32909800000000	0.203653920000000
402	3.18314620000000	0.0987721840000000
403	3.19611850000000	0.134536750000000
404	3.17132470000000	0.122243840000000
405	3.14946140000000	0.101516010000000
406	3.14600730000000	0.104417080000000
407	3.37481180000000	0.375558130000000
408	3.19478790000000	0.116285110000000
409	3.16526320000000	0.174532930000000
410	3.19891240000000	0.114894200000000
411	3.28560650000000	0.113863980000000
412	3.31339440000000	0.139211410000000
413	3.31803010000000	0.100493760000000
414	3.45872860000000	0.254097290000000
415	3.40190240000000	0.128128350000000
416	3.44274260000000	0.136148800000000
417	3.53994680000000	0.129798410000000
418	3.59585490000000	0.106851410000000
419	3.67275270000000	0.207607370000000
420	3.72361800000000	0.0949622330000000
421	3.78467760000000	0.139768140000000
422	3.90866220000000	0.315642140000000
423	3.84789470000000	0.121824350000000
424	3.84863190000000	0.263546140000000
425	4.12330160000000	0.375831210000000
426	4.06687790000000	0.301737950000000
427	4.11219830000000	0.390265880000000
428	4.52086160000000	0.359207060000000
429	4.82440190000000	0.232268970000000
430	4.67781370000000	0.383538470000000
431	5.07811180000000	0.160767330000000
432	4.96816460000000	0.318314960000000
433	5.09118040000000	0.189037800000000
434	5.09302200000000	0.145795090000000
435	5.02896860000000	0.209625980000000
436	5.01843660000000	0.169405590000000
437	4.67153420000000	0.466916940000000
438	4.92053840000000	0.267318380000000
439	4.97638000000000	0.148207520000000
440	4.67218840000000	0.439332020000000
441	4.90348180000000	0.105667020000000
442	4.89098200000000	0.239360410000000
443	4.88894500000000	0.125754780000000
444	4.74689840000000	0.252571220000000
445	4.83289550000000	0.244072600000000
446	4.80948100000000	0.142493250000000
447	4.59060150000000	0.475105010000000
448	4.74834770000000	0.0968151720000000
449	4.77760630000000	0.102936150000000
450	4.44302770000000	0.452903590000000
451	4.68747020000000	0.118521420000000
452	4.61765920000000	0.111431010000000
453	4.53752870000000	0.234966310000000
454	4.59198850000000	0.120708480000000
455	4.36633570000000	0.326016170000000
456	4.57614150000000	0.144387090000000
457	4.55893670000000	0.108528360000000
458	4.35155350000000	0.362094210000000
459	4.53322450000000	0.138812080000000
460	4.43758440000000	0.280743220000000
461	4.50842430000000	0.140187310000000
462	4.47535750000000	0.185499400000000
463	4.51866550000000	0.110711790000000
464	4.43168040000000	0.222901290000000
465	4.46867020000000	0.102883700000000
466	4.35450230000000	0.277247600000000
467	4.36610590000000	0.203132020000000
468	4.34285430000000	0.177608590000000
469	4.27343280000000	0.208931180000000
470	4.25611870000000	0.187959330000000
471	4.23522430000000	0.248092740000000
472	4.15656370000000	0.269838920000000
473	4.30274730000000	0.173000250000000
474	4.33926140000000	0.0701357980000000
475	4.28304680000000	0.111422980000000
476	4.08226890000000	0.301225030000000
477	4.11049520000000	0.229972250000000
478	4.07584680000000	0.190312650000000
479	3.97827760000000	0.146401120000000
480	3.98788650000000	0.0987641130000000
481	3.99409820000000	0.109463150000000
482	3.86518860000000	0.111678500000000
483	3.84344890000000	0.107578370000000
484	3.83556720000000	0.117695660000000
485	3.77617000000000	0.177838660000000
486	3.71403110000000	0.120765900000000
487	3.74466120000000	0.165335460000000
488	3.70719710000000	0.0947270000000000
489	3.64787460000000	0.114664520000000
490	3.60791480000000	0.140537450000000
491	3.66284710000000	0.424094710000000
492	3.65768890000000	0.139679820000000
493	3.67062190000000	0.106291970000000
494	3.84911560000000	0.243462500000000
495	3.76928070000000	0.0660159750000000
496	3.76896940000000	0.185249090000000
497	3.74217740000000	0.0712617260000000
498	3.80087740000000	0.190296400000000
499	3.80594680000000	0.183359790000000
500	3.80718230000000	0.138098060000000
501	3.75425080000000	0.0738210810000000
502	3.80065800000000	0.160906000000000
503	3.90682820000000	0.244578420000000
504	3.88852180000000	0.221364890000000
505	3.92374650000000	0.0691054170000000
506	3.99844170000000	0.170343250000000
507	4.00534080000000	0.0869113890000000
508	4.06928180000000	0.166651710000000
509	4.07067480000000	0.108977100000000
510	4.18177900000000	0.301706510000000
511	4.18830470000000	0.134168800000000
512	4.19291050000000	0.0785155280000000
513	4.18612540000000	0.0985117910000000
514	4.12107000000000	0.116105760000000
515	4.18542190000000	0.111762270000000
516	4.11055930000000	0.152282230000000
517	4.07610930000000	0.156522790000000
518	4.03965990000000	0.135651070000000
519	4.11673040000000	0.321417470000000
520	3.95600300000000	0.108542520000000
521	3.98778960000000	0.114047110000000
522	3.95601200000000	0.204255830000000
523	3.86683970000000	0.150833830000000
524	3.87805790000000	0.0996766800000000
525	3.98690300000000	0.485885330000000
526	3.84366230000000	0.225505600000000
527	3.94729660000000	0.131412430000000
528	3.87062100000000	0.207215910000000
529	3.97223380000000	0.128728540000000
530	4.03252470000000	0.135810380000000
531	4.09372920000000	0.266364230000000
532	4.02662450000000	0.0723909020000000
533	4.11227010000000	0.121047190000000
534	4.04324460000000	0.338962940000000
535	4.13398010000000	0.122427670000000
536	4.32019610000000	0.222580770000000
537	4.44185590000000	0.208817760000000
538	4.41041620000000	0.293915460000000
539	4.48080230000000	0.228612740000000
540	4.56051510000000	0.280047890000000
541	4.68361930000000	0.153016400000000
542	4.49323880000000	0.252913590000000
543	4.45967440000000	0.320469210000000
544	4.54578600000000	0.221709960000000
545	4.53729990000000	0.192532110000000
546	4.62228110000000	0.145720270000000
547	4.60658320000000	0.169921030000000
548	4.63292380000000	0.213548120000000
549	4.56484990000000	0.192167170000000
550	4.57151000000000	0.227798120000000
551	4.49030580000000	0.164126850000000
552	4.51790440000000	0.122580450000000
553	4.43469310000000	0.177965810000000
554	4.41077990000000	0.175462940000000
555	4.40834950000000	0.135159570000000
556	4.36684600000000	0.123055750000000
557	4.36589050000000	0.142451830000000
558	4.28295500000000	0.326817340000000
559	4.25411610000000	0.0642372030000000
560	4.15438590000000	0.119430630000000
561	4.17838330000000	0.124886930000000
562	4.09802930000000	0.132324360000000
563	4.05299510000000	0.240551020000000
564	3.97809020000000	0.157963910000000
565	3.96199670000000	0.154780890000000
566	3.78469020000000	0.180428530000000
567	3.87080380000000	0.254072960000000
568	3.96837600000000	0.0988390400000000
569	4.03980650000000	0.182149500000000
570	3.91552020000000	0.151897770000000
571	3.79987550000000	0.173379190000000
572	3.67707500000000	0.147351920000000
573	3.63874590000000	0.186931450000000
574	3.66748440000000	0.393812690000000
575	3.44341000000000	0.0757512840000000
576	3.46721740000000	0.123643390000000
577	3.39051730000000	0.115784660000000
578	3.42964830000000	0.145247180000000
579	3.57729150000000	0.258173800000000
580	3.49035470000000	0.168811070000000
581	3.73216870000000	0.290874780000000
582	4.11774220000000	0.220546270000000
583	4.34841090000000	0.202541780000000
584	4.17846690000000	0.280326530000000
585	4.29966720000000	0.160056210000000
586	4.15634410000000	0.211727890000000
587	4.23348660000000	0.125608990000000
588	4.13920630000000	0.166062940000000
589	4.13382480000000	0.0678699400000000
590	4.14565730000000	0.117748240000000
591	3.96497120000000	0.201447970000000
592	4.06261800000000	0.113596520000000
593	4.16248290000000	0.155168400000000
594	4.03832300000000	0.107198480000000
595	3.98525200000000	0.205685850000000
596	3.91755580000000	0.123179390000000
597	3.87693360000000	0.153408470000000
598	3.92809110000000	0.210819650000000
599	4.07572910000000	0.158322980000000
600	3.71479630000000	0.470985380000000
602	4.26237670000000	0.385581330000000
604	3.96772810000000	0.141242100000000
606	3.82158970000000	0.149037200000000
608	3.78052510000000	0.136452710000000
610	3.63579460000000	0.156217930000000
612	3.45664090000000	0.0883198540000000
614	3.54945560000000	0.0798709760000000
616	3.63700020000000	0.158683660000000
618	3.61524560000000	0.414376770000000
620	3.85084690000000	0.215402140000000
622	4.31990190000000	0.148512850000000
624	4.85375620000000	0.267117770000000
626	4.85741510000000	0.292816070000000
628	5.10534800000000	0.264620350000000
630	5.14068840000000	0.153924890000000
632	4.98232660000000	0.184343890000000
634	4.83880310000000	0.229947200000000
636	4.95324360000000	0.0995782680000000
638	4.80139510000000	0.302269050000000
640	4.91969810000000	0.139048860000000
642	4.76838330000000	0.210472540000000
644	4.75788690000000	0.105796510000000
646	4.67640810000000	0.138190850000000
648	4.70282290000000	0.230206860000000
650	4.67962810000000	0.248149090000000
652	4.62045420000000	0.241665750000000
654	4.65491050000000	0.0866401560000000
656	4.36928720000000	0.422623780000000
658	4.61253680000000	0.102064450000000
660	4.60359700000000	0.108586690000000
662	4.54699680000000	0.204897920000000
664	4.53287860000000	0.332242140000000
666	4.51882700000000	0.132929490000000
668	4.49476830000000	0.203348520000000
670	4.46193170000000	0.161677510000000
672	4.44965650000000	0.159139580000000
674	4.38116350000000	0.154479600000000
676	4.37904430000000	0.125383600000000
678	4.16312980000000	0.185251630000000
680	4.03205960000000	0.309574640000000
682	4.23222730000000	0.135229240000000
684	4.06692670000000	0.190405930000000
686	4.10846250000000	0.219448990000000
688	3.89813180000000	0.174983540000000
690	3.77234850000000	0.319478250000000
692	3.67383910000000	0.132144640000000
694	3.71756350000000	0.195162530000000
696	3.62560750000000	0.128276600000000
698	3.60645910000000	0.179675660000000
700	3.82275430000000	0.356626940000000
702	3.80476860000000	0.180486920000000
704	3.87039550000000	0.143355540000000
706	3.83747020000000	0.150523860000000
708	3.98185980000000	0.0791495430000000
710	3.98566640000000	0.478717450000000
712	4.05935590000000	0.150602070000000
714	4.16965220000000	0.241336000000000
716	4.35436500000000	0.187861250000000
718	4.61017140000000	0.250876390000000
720	4.64450490000000	0.220819910000000
722	4.62695520000000	0.184118770000000
724	4.46339880000000	0.0936104260000000
726	4.34993170000000	0.0843010780000000
728	4.18927850000000	0.121737370000000
730	4.10158000000000	0.183404650000000
732	4.00334350000000	0.300335830000000
734	4.08412950000000	0.116634390000000
736	4.16334810000000	0.166934100000000
738	4.23422810000000	0.141623380000000
740	4.17542960000000	0.291649390000000
742	4.21814860000000	0.0993864930000000
744	4.36130190000000	0.424250520000000
746	4.59717650000000	0.222996190000000
748	4.58292880000000	0.174926400000000
750	4.51078760000000	0.166549900000000
752	4.37883820000000	0.260802890000000
754	4.47322150000000	0.0914127230000000
756	4.30064310000000	0.102606280000000
758	4.22256350000000	0.270647580000000
760	4.22982890000000	0.122290850000000
762	4.11223160000000	0.155740310000000
764	3.95898820000000	0.126437470000000
766	4.05277350000000	0.267106970000000
768	3.96454220000000	0.203083200000000
770	3.89071420000000	0.140364230000000
772	3.70578950000000	0.112652600000000
774	3.70186340000000	0.167005830000000
776	3.63634680000000	0.132784210000000
778	3.76386370000000	0.344900450000000
780	3.55068370000000	0.0820780330000000
782	3.58430840000000	0.136982020000000
784	3.43886380000000	0.162418630000000
786	3.62672260000000	0.263903220000000
788	3.61173920000000	0.153160270000000
790	3.94739350000000	0.300117450000000
792	4.14174370000000	0.169069470000000
794	4.42187910000000	0.344573090000000
796	4.48246400000000	0.381373560000000
798	4.71579310000000	0.146915250000000
800	4.67630570000000	0.119119370000000
802	4.57573850000000	0.0922300460000000
804	4.55142210000000	0.113492820000000
806	4.45043880000000	0.121251500000000
808	4.39507310000000	0.0822263680000000
810	4.28852340000000	0.148575080000000
812	4.20067340000000	0.185153500000000
814	3.92958690000000	0.370070570000000
816	4.05815890000000	0.119432510000000
818	3.85231230000000	0.134804510000000
820	3.83728750000000	0.149192160000000
822	3.73094750000000	0.144016670000000
824	3.74930670000000	0.233431280000000
826	4.07447030000000	0.277390670000000
828	3.95167970000000	0.171517410000000
830	3.94256850000000	0.119214780000000
832	4.00010700000000	0.162813150000000
834	3.81758480000000	0.103923860000000
836	3.74096370000000	0.178424900000000
838	3.94658390000000	0.183005190000000
840	3.79120400000000	0.0854053420000000
842	3.80681310000000	0.220477920000000
844	3.71577200000000	0.106227100000000
846	3.63844500000000	0.0509499880000000
848	3.50657680000000	0.111789370000000
850	3.44443860000000	0.119745590000000
852	3.76484530000000	0.171047970000000
854	3.77566920000000	0.269178440000000
856	3.58770380000000	0.102912340000000
858	3.50297560000000	0.102356700000000
860	3.40304580000000	0.106511510000000
862	3.57169610000000	0.289542260000000
864	3.48312670000000	0.273497890000000
866	3.73424890000000	0.386704390000000
868	4.18540480000000	0.256503330000000
870	4.53652160000000	0.164349770000000
872	4.72250610000000	0.140092120000000
874	4.65419390000000	0.299461130000000
876	4.70329450000000	0.165654200000000
878	4.64007850000000	0.131600000000000
880	4.54285500000000	0.117355530000000
882	4.31706210000000	0.423682600000000
884	4.52079610000000	0.202448800000000
886	4.46151510000000	0.0967436850000000
888	4.43302040000000	0.194457840000000
890	4.45400620000000	0.124831670000000
892	4.33485810000000	0.255397780000000
894	4.39015980000000	0.0982994070000000
896	4.29738070000000	0.134679260000000
898	4.14688960000000	0.179565090000000
900	4.10381160000000	0.267257070000000
902	4.10882350000000	0.127884060000000
904	4.07968420000000	0.105356710000000
906	4.05307190000000	0.104508540000000
908	3.98903730000000	0.220388070000000
910	4.05021280000000	0.101760410000000
912	4.08182970000000	0.142263310000000
914	4.07790920000000	0.172912910000000
916	4.04043340000000	0.355897900000000
918	4.45067160000000	0.162519740000000
920	4.58356470000000	0.224066310000000
922	4.46867580000000	0.138878050000000
924	4.33066680000000	0.110952840000000
926	4.20757340000000	0.153777210000000
928	4.09017250000000	0.246137220000000
930	4.00570400000000	0.265280720000000
932	3.97587350000000	0.107399940000000
934	3.89628020000000	0.200119320000000
936	3.84469410000000	0.144785100000000
938	3.69844000000000	0.171639850000000
940	3.68901790000000	0.125012960000000
942	3.58174410000000	0.122331970000000
944	3.44530310000000	0.104704830000000
946	3.51060050000000	0.233082310000000
948	3.38036070000000	0.112928440000000
950	3.35370500000000	0.0766863780000000
952	3.28330610000000	0.128578300000000
954	3.35882600000000	0.150976770000000
956	3.28670200000000	0.145980960000000
958	3.43763120000000	0.327410410000000
960	4.04055630000000	0.357563710000000
962	4.27481520000000	0.380588340000000
964	4.50744290000000	0.198234340000000
966	4.32025100000000	0.256107580000000
968	4.23497210000000	0.206063460000000
970	4.14113010000000	0.120671150000000
972	3.88040890000000	0.124446350000000
974	3.90862850000000	0.184741640000000
976	3.80298360000000	0.0880469970000000
978	3.67201570000000	0.139577060000000
980	3.76911020000000	0.197374950000000
982	3.99151610000000	0.309889890000000
984	4.10405600000000	0.168836800000000
986	4.22422610000000	0.173898490000000
988	4.08526750000000	0.0880345790000000
990	3.99498530000000	0.122374770000000
992	3.91852780000000	0.0888642300000000
994	3.80132200000000	0.209401570000000
996	3.79584930000000	0.0741179500000000
998	3.77985300000000	0.190834150000000
1000	3.85960620000000	0.111226800000000
1002	4.13342300000000	0.157951290000000
1004	4.35057020000000	0.143473980000000
1006	4.25456400000000	0.128754210000000
1008	4.16253240000000	0.141775830000000
1010	4.08234640000000	0.186845830000000
1012	4.04480770000000	0.139762380000000
1014	3.89050010000000	0.134188460000000
1016	3.73930470000000	0.310107310000000
1018	3.86586310000000	0.168770870000000
1020	3.72831310000000	0.110028420000000
1022	3.64189320000000	0.241983730000000
1024	3.67379540000000	0.215554460000000
1026	3.80330950000000	0.397807140000000
1028	3.71270590000000	0.109960370000000
1030	3.79132160000000	0.125612790000000
1032	4.01119570000000	0.156591010000000
1034	4.26349830000000	0.112852720000000
1036	4.33310930000000	0.135311080000000
1038	4.42718280000000	0.170306710000000
1040	4.29561630000000	0.254496960000000
1042	4.30862910000000	0.330878180000000
1044	4.40553440000000	0.153644610000000
1046	4.34153580000000	0.171090960000000
1048	4.29286860000000	0.191949700000000
1050	4.27107420000000	0.145454090000000
1052	4.19239260000000	0.151159050000000
1054	4.18640370000000	0.107982090000000
1056	4.07486080000000	0.310379110000000
1058	4.11082250000000	0.122277470000000
1060	3.87268020000000	0.195774370000000
1062	3.74194870000000	0.280473630000000
1064	3.46299470000000	0.204261330000000
1066	3.32814110000000	0.306214910000000
1068	3.25549560000000	0.157444660000000
1070	3.30410170000000	0.105347880000000
1072	3.28880610000000	0.299005460000000
1074	3.32226660000000	0.0824721020000000
1076	3.55886990000000	0.333596290000000
1078	3.51815250000000	0.109398910000000
1080	3.56628430000000	0.242536660000000
1082	3.65467710000000	0.193210460000000
1084	3.68395330000000	0.0988215550000000
1086	3.73786820000000	0.104486200000000
1088	3.81885790000000	0.216832290000000
1090	3.83650330000000	0.160306640000000
1092	3.90054210000000	0.116408280000000
1094	3.95325190000000	0.146099360000000
1096	4.02746430000000	0.154147390000000
1098	4.12133740000000	0.0933507860000000
1100	4.29635820000000	0.145011930000000
1102	4.13794930000000	0.128519160000000
1104	4.05465440000000	0.113255430000000
1106	3.81002840000000	0.166258960000000
1108	3.65680960000000	0.257525990000000
1110	3.64965160000000	0.209112410000000
1112	3.71049150000000	0.111304640000000
1114	3.88946700000000	0.0835350260000000
1116	4.05908470000000	0.157108800000000
1118	4.12778100000000	0.0661818260000000
1120	4.19639460000000	0.214166900000000
1122	4.47459390000000	0.195675870000000
1124	4.37908000000000	0.210356640000000
1126	4.47772170000000	0.130988880000000
1128	4.42190390000000	0.101683160000000
1130	4.27088840000000	0.103126960000000
1132	4.07949350000000	0.173471840000000
1134	3.94500880000000	0.270288240000000
1136	4.16855840000000	0.0878270020000000
1138	3.92965270000000	0.165547830000000
1140	3.92557350000000	0.234457030000000
1142	3.84773890000000	0.111476740000000
1144	3.91011150000000	0.124467920000000
1146	3.77853150000000	0.126093960000000
1148	3.87423490000000	0.295824190000000
1150	3.69570430000000	0.113987300000000
1152	3.65327290000000	0.112749700000000
1154	3.59502100000000	0.196501080000000
1156	3.61170490000000	0.150525650000000
1158	3.55227370000000	0.124059700000000
1160	3.59770930000000	0.171405060000000
1162	3.48112650000000	0.118085390000000
1164	3.53616120000000	0.109308160000000
1166	3.49438270000000	0.0720093660000000
1168	3.46851840000000	0.176130310000000
1170	3.57660960000000	0.123448230000000
1172	3.65941060000000	0.109478880000000
1174	3.69563000000000	0.123913130000000
1176	3.66787150000000	0.278126630000000
1178	3.60532590000000	0.124521650000000
1180	3.63204890000000	0.298689810000000
1182	3.63403820000000	0.104079510000000
1184	3.70101100000000	0.0974710480000000
1186	3.75876780000000	0.224372850000000
1188	3.64412760000000	0.0887066340000000
1190	3.78087510000000	0.203228810000000
1192	4.09033110000000	0.159987070000000
1194	4.23912790000000	0.0973360590000000
1196	4.39930230000000	0.0837719630000000
1198	4.41981530000000	0.205537560000000
1200	4.57845560000000	0.127045930000000
1202	4.33697910000000	0.277894840000000
1204	4.45553440000000	0.102193600000000
1206	4.22872450000000	0.346133460000000
1208	4.43612330000000	0.0928923860000000
1210	4.31052080000000	0.101608780000000
1212	3.99164660000000	0.216990360000000
1214	4.17206960000000	0.0719894130000000
1216	4.03950940000000	0.184718270000000
1218	3.77744730000000	0.409197070000000
1220	4.04987540000000	0.105173580000000
1222	3.80052360000000	0.193776630000000
1224	3.70723410000000	0.108333580000000
1226	3.49914590000000	0.139406330000000
1228	3.41221900000000	0.172751520000000
1230	3.30723720000000	0.0947507320000000
1232	3.34405550000000	0.168533140000000
1234	3.32219550000000	0.110991800000000
1236	3.32109550000000	0.121348680000000
1238	3.29418880000000	0.171460060000000
1240	3.37399050000000	0.256862720000000
1242	3.54737850000000	0.369919940000000
1244	3.62164460000000	0.310800990000000
1246	4.17992120000000	0.0949811430000000
1248	4.36977420000000	0.106474380000000
1250	4.37425700000000	0.160557700000000
1252	4.27660780000000	0.348548500000000
1254	4.39571820000000	0.0908273700000000
1256	4.21855790000000	0.129441570000000
1258	4.14615650000000	0.0937542800000000
1260	4.00227500000000	0.291928070000000
1262	4.07278240000000	0.0781351840000000
1264	3.92485540000000	0.126142870000000
1266	3.90199150000000	0.0787014920000000
1268	3.80986830000000	0.107682180000000
1270	3.74021500000000	0.149326680000000
1272	3.62678720000000	0.136446000000000
1274	3.65571220000000	0.0592864950000000
1276	3.59929860000000	0.110863290000000
1278	3.69098150000000	0.174369070000000
1280	3.66492600000000	0.208723310000000
1282	3.65396280000000	0.332923400000000
1284	3.89189940000000	0.106733660000000
1286	4.04039540000000	0.216485680000000
1288	4.29741510000000	0.126193460000000
1290	4.31152090000000	0.132045920000000
1292	4.17708670000000	0.0828555380000000
1294	3.89256220000000	0.202649470000000
1296	4.17056200000000	0.126313310000000
1298	4.02802020000000	0.118835720000000
1300	3.94436490000000	0.355917550000000
1302	3.93639480000000	0.143436130000000
1304	3.71843440000000	0.192773130000000
1306	3.79642060000000	0.148968250000000
1308	3.68143190000000	0.101749050000000
1310	3.58671260000000	0.111802410000000
1312	3.55255430000000	0.329571170000000
1314	3.51088810000000	0.155461200000000
1316	3.45971490000000	0.295154430000000
1318	3.66520990000000	0.295844720000000
1320	3.74338760000000	0.152717530000000
1322	3.79149190000000	0.116313020000000
1324	3.88563590000000	0.157658020000000
1326	3.91911770000000	0.197609730000000
1328	4.08727740000000	0.0727153250000000
1330	4.09171370000000	0.0718200440000000
1332	4.10076460000000	0.225741000000000
1334	4.11263760000000	0.120218840000000
1336	4.19999290000000	0.0777468310000000
1338	4.18525270000000	0.121089140000000
1340	4.08276940000000	0.241827070000000
1342	3.98202480000000	0.129687970000000
1344	3.71669440000000	0.209888270000000
1346	3.63159390000000	0.326584440000000
1348	3.48003350000000	0.225048170000000
1350	3.38253910000000	0.163200160000000
1352	3.29224280000000	0.195701530000000
1354	3.32872980000000	0.124863490000000
1356	3.29839070000000	0.0961507950000000
1358	3.41359730000000	0.234645840000000
1360	3.56903430000000	0.0849185210000000
1362	3.70348200000000	0.213432000000000
1364	3.84154690000000	0.0761756080000000
1366	3.92444650000000	0.130386970000000
1368	4.04110500000000	0.105264500000000
1370	4.13067200000000	0.0981587390000000
1372	4.15440190000000	0.0415297620000000
1374	4.08858560000000	0.189565890000000
1376	4.07519670000000	0.326272010000000
1378	4.27652720000000	0.0783272350000000
1380	4.02341330000000	0.100709890000000
1382	3.93644790000000	0.165367450000000
1384	3.87899010000000	0.0789640590000000
1386	3.70856850000000	0.0737205370000000
1388	3.55987620000000	0.181181210000000
1390	3.61744210000000	0.162608780000000
1392	3.49096190000000	0.116460100000000
1394	3.73176850000000	0.392004380000000
1396	3.48635070000000	0.155630450000000
1398	3.53318810000000	0.0568083210000000
1400	3.56533100000000	0.232474920000000
1402	3.68896470000000	0.124367500000000
1404	3.79924260000000	0.190906820000000
1406	4.00741150000000	0.177929060000000
1408	4.06118060000000	0.101798580000000
1410	4.18680980000000	0.0880158950000000
1412	4.21061380000000	0.0815828380000000
1414	4.25599640000000	0.142724050000000
1416	4.07208900000000	0.316447650000000
1418	3.85756080000000	0.485498240000000
1420	4.01563900000000	0.0632530630000000
1422	4.01047580000000	0.202368800000000
1424	3.84533040000000	0.0663186490000000
1426	3.76220480000000	0.100682150000000
1428	3.60973590000000	0.116445080000000
1430	3.46941930000000	0.0801375640000000
1432	3.36960610000000	0.107694240000000
1434	3.30771150000000	0.133284910000000
1436	3.27658800000000	0.212385930000000
1438	3.25455430000000	0.101660100000000
1440	3.30376910000000	0.0664022100000000
1442	3.26556380000000	0.288643580000000
1444	3.30986850000000	0.0914547040000000
1446	3.25488010000000	0.253757900000000
1448	3.28950060000000	0.282166620000000
1450	3.24731650000000	0.164630880000000
1452	3.43762210000000	0.390078120000000
1454	4.22343610000000	0.366799730000000
1456	4.32287590000000	0.249081520000000
1458	4.20968060000000	0.255301380000000
1460	4.34855030000000	0.0824321020000000
1462	4.12343570000000	0.140231860000000
1464	4.03528220000000	0.0856717150000000
1466	3.81612870000000	0.143188580000000
1468	3.78925990000000	0.153797940000000
1470	3.67418820000000	0.420707730000000
1472	3.47371180000000	0.0754629420000000
1474	3.41940870000000	0.107047070000000
1476	3.42185970000000	0.166976230000000
1478	3.42933680000000	0.215234810000000
1480	3.39003800000000	0.0845814730000000
1482	3.36839100000000	0.0267356090000000
1484	3.47197220000000	0.409106200000000
1486	3.48158860000000	0.197313830000000
1488	3.29736510000000	0.0862546470000000
1490	3.30372190000000	0.176927370000000
1492	3.46100390000000	0.368846880000000
1494	4.08495580000000	0.162436910000000
1496	4.39012690000000	0.152157090000000
1498	4.38613700000000	0.132171630000000
1500	4.24697730000000	0.230932680000000
1502.50000000000	4.25000890000000	0.200969260000000
1505	4.28674340000000	0.159600600000000
1507.50000000000	4.15777590000000	0.0926041090000000
1510	4.00590120000000	0.0696058760000000
1512.50000000000	3.71752840000000	0.244386380000000
1515	3.77791310000000	0.148261130000000
1517.50000000000	3.70098380000000	0.0967038100000000
1520	3.60850770000000	0.121782210000000
1522.50000000000	3.68216130000000	0.170315630000000
1525	3.94618480000000	0.141418300000000
1527.50000000000	3.99752630000000	0.150415210000000
1530	4.09875610000000	0.308926410000000
1532.50000000000	4.34457240000000	0.118570120000000
1535	4.41207040000000	0.245485390000000
1537.50000000000	4.31227740000000	0.262167970000000
1540	4.37892190000000	0.162526930000000
1542.50000000000	4.22421520000000	0.0747297660000000
1545	4.01807930000000	0.160855860000000
1547.50000000000	3.91555190000000	0.137159390000000
1550	3.71217090000000	0.311106180000000
1552.50000000000	3.79715020000000	0.225653960000000
1555	3.83433820000000	0.258665330000000
1557.50000000000	3.80999190000000	0.243718030000000
1560	3.77181950000000	0.218097600000000
1562.50000000000	3.60808970000000	0.205800880000000
1565	3.58813840000000	0.220913960000000
1567.50000000000	3.64897630000000	0.117643110000000
1570	3.84338480000000	0.127196470000000
1572.50000000000	4.13331350000000	0.170866650000000
1575	4.22392660000000	0.139878620000000
1577.50000000000	4.24320810000000	0.103766800000000
1580	4.11532790000000	0.103883410000000
1582.50000000000	4.02621650000000	0.249919700000000
1585	3.90616130000000	0.120858280000000
1587.50000000000	3.81837480000000	0.119044790000000
1590	3.75217120000000	0.189051710000000
1592.50000000000	3.96780030000000	0.344994840000000
1595	3.78420730000000	0.145124220000000
1597.50000000000	3.64942210000000	0.0588392050000000
1600	3.55636330000000	0.110975660000000
1602.50000000000	3.48834440000000	0.242489430000000
1605	3.48658400000000	0.177409690000000
1607.50000000000	3.70807820000000	0.150314130000000
1610	3.71015350000000	0.284207970000000
1612.50000000000	3.90919000000000	0.0612915510000000
1615	3.83785360000000	0.131234360000000
1617.50000000000	3.78488370000000	0.195748710000000
1620	3.66882330000000	0.0884924480000000
1622.50000000000	3.62880310000000	0.105352870000000
1625	3.74696620000000	0.122422720000000
1627.50000000000	3.85878340000000	0.338515190000000
1630	3.59613000000000	0.233711530000000
1632.50000000000	3.55638650000000	0.185125670000000
1635	3.61189730000000	0.305104020000000
1637.50000000000	3.54202130000000	0.131419780000000
1640	3.84537760000000	0.320057630000000
1642.50000000000	3.77949250000000	0.349825420000000
1645	3.90668800000000	0.301264390000000
1647.50000000000	4.11482950000000	0.168580580000000
1650	4.26327310000000	0.166402400000000
1652.50000000000	4.22431740000000	0.152477630000000
1655	4.28504400000000	0.0881774260000000
1657.50000000000	4.13234700000000	0.151674350000000
1660	4.15535880000000	0.159519640000000
1662.50000000000	4.11704800000000	0.155130820000000
1665	4.14289230000000	0.109899740000000
1667.50000000000	3.93601410000000	0.222476920000000
1670	3.93351030000000	0.105956790000000
1672.50000000000	3.75676680000000	0.0715904810000000
1675	3.63842370000000	0.115972620000000
1677.50000000000	3.69453040000000	0.161788860000000
1680	3.63379760000000	0.166736000000000
1682.50000000000	3.63220850000000	0.0947195440000000
1685	3.62345310000000	0.0889165420000000
1687.50000000000	3.65569420000000	0.241761650000000
1690	3.76252660000000	0.178336560000000
1692.50000000000	3.82448880000000	0.191418370000000
1695	3.89239260000000	0.124863820000000
1697.50000000000	3.81773120000000	0.0946419830000000
1700	3.99491840000000	0.338134310000000
1702.50000000000	4.23517280000000	0.141954140000000
1705	4.14354600000000	0.158344260000000
1707.50000000000	4.06263980000000	0.103503970000000
1710	3.87229680000000	0.169230190000000
1712.50000000000	3.74740380000000	0.190121570000000
1715	3.60337210000000	0.190527380000000
1717.50000000000	3.57586420000000	0.323710310000000
1720	3.62748160000000	0.261064040000000
1722.50000000000	3.75503200000000	0.195665820000000
1725	3.83659310000000	0.170689700000000
1727.50000000000	3.76244530000000	0.199340300000000
1730	3.75114600000000	0.111335490000000
1732.50000000000	3.86743190000000	0.312762380000000
1735	3.63841380000000	0.0883554310000000
1737.50000000000	3.60599030000000	0.405715820000000
1740	3.78214850000000	0.298326580000000
1742.50000000000	3.89835650000000	0.306458020000000
1745	3.99555590000000	0.277501390000000
1747.50000000000	4.02953220000000	0.234108040000000
1750	3.89994660000000	0.207737090000000
1752.50000000000	3.76927530000000	0.120264230000000
1755	3.64471410000000	0.198823830000000
1757.50000000000	3.80767880000000	0.230106110000000
1760	3.62032210000000	0.0968719980000000
1762.50000000000	3.41433630000000	0.272155980000000
1765	3.39427830000000	0.266394240000000
1767.50000000000	3.44322310000000	0.231417140000000
1770	3.45718100000000	0.102452430000000
1772.50000000000	3.50684090000000	0.147835930000000
1775	3.60191170000000	0.160501140000000
1777.50000000000	3.67026130000000	0.200892950000000
1780	3.61643820000000	0.221261520000000
1782.50000000000	3.75677040000000	0.352324550000000
1785	3.80998790000000	0.160654100000000
1787.50000000000	3.80247010000000	0.183463760000000
1790	3.98678140000000	0.130912150000000
1792.50000000000	4.17471310000000	0.145311910000000
1795	4.09865350000000	0.148812340000000
1797.50000000000	4.00435050000000	0.165403700000000
1800	3.97371060000000	0.154254780000000
1802.50000000000	3.84193060000000	0.0846939780000000
1805	3.67930380000000	0.146696220000000
1807.50000000000	3.67010070000000	0.157902590000000
1810	3.47024100000000	0.110687340000000
1812.50000000000	3.60190520000000	0.157925690000000
1815	3.75364600000000	0.296761160000000
1817.50000000000	3.73513370000000	0.306051130000000
1820	3.65628690000000	0.236244150000000
1822.50000000000	3.52748100000000	0.154072810000000
1825	3.51707710000000	0.176649510000000
1827.50000000000	3.53974150000000	0.146386530000000
1830	3.45910590000000	0.408173660000000
1832.50000000000	3.74776430000000	0.300682850000000
1835	3.75052570000000	0.323317640000000
1837.50000000000	3.78998230000000	0.320249540000000
1840	3.75318510000000	0.332748910000000
1842.50000000000	3.78489060000000	0.311015770000000
1845	3.70465530000000	0.225779260000000
1847.50000000000	3.65216980000000	0.203149960000000
1850	3.59764090000000	0.184938730000000
1852.50000000000	3.57034970000000	0.171212750000000
1855	3.60169320000000	0.177864390000000
1857.50000000000	3.66280140000000	0.188505070000000
1860	3.70167510000000	0.147397960000000
1862.50000000000	3.96918990000000	0.246762950000000
1865	3.86467150000000	0.196587870000000
1867.50000000000	3.79232950000000	0.205769450000000
1870	3.86952990000000	0.264924250000000
1872.50000000000	3.75349790000000	0.393006910000000
1875	3.81172820000000	0.299537090000000
1877.50000000000	3.72667900000000	0.213163420000000
1880	3.74754920000000	0.182435020000000
1882.50000000000	3.60674350000000	0.0982068060000000
1885	3.50893450000000	0.0675883600000000
1887.50000000000	3.42378140000000	0.293233160000000
1890	3.50003450000000	0.171412230000000
1892.50000000000	3.47882140000000	0.159572070000000
1895	3.68818190000000	0.125188170000000
1897.50000000000	3.73380460000000	0.146182770000000
1900	4.07331390000000	0.0810157000000000
1902.50000000000	4.05809470000000	0.247112310000000
1905	4.06686570000000	0.214345540000000
1907.50000000000	4.04137930000000	0.104507820000000
1910	3.87572010000000	0.223409680000000
1912.50000000000	3.91696890000000	0.126347510000000
1915	3.81743360000000	0.124693090000000
1917.50000000000	3.70680220000000	0.261183120000000
1920	3.71772960000000	0.0654569390000000
1922.50000000000	3.65100820000000	0.0689173560000000
1925	3.66984900000000	0.0854616860000000
1927.50000000000	3.55060050000000	0.0821570800000000
1930	3.46529590000000	0.185127320000000
1932.50000000000	3.49530960000000	0.124058740000000
1935	3.35615580000000	0.160550480000000
1937.50000000000	3.46901960000000	0.138805970000000
1940	3.54480850000000	0.194839560000000
1942.50000000000	3.88351800000000	0.168563410000000
1945	4.00497680000000	0.234544800000000
1947.50000000000	4.12379690000000	0.108096530000000
1950	4.00296860000000	0.229872080000000
1952.50000000000	3.91810800000000	0.134569620000000
1955	3.83585220000000	0.160925590000000
1957.50000000000	3.75928540000000	0.160181360000000
1960	3.75831350000000	0.174021470000000
1962.50000000000	3.84584440000000	0.122874960000000
1965	3.76121560000000	0.134178030000000
1967.50000000000	3.57691960000000	0.271716410000000
1970	3.59521880000000	0.265350850000000
1972.50000000000	3.43421780000000	0.0970479050000000
1975	3.46978910000000	0.164124010000000
1977.50000000000	3.42514870000000	0.305533590000000
1980	3.28315970000000	0.186407690000000
1982.50000000000	3.40349210000000	0.130039270000000
1985	3.44537910000000	0.0926892730000000
1987.50000000000	3.44286030000000	0.133529550000000
1990	3.37484170000000	0.245952480000000
1992.50000000000	3.56737180000000	0.0596889050000000
1995	3.63843490000000	0.153602220000000
1997.50000000000	3.84982270000000	0.168455830000000
2000	3.98135690000000	0.114692980000000
2002.50000000000	3.79368580000000	0.242943400000000
2005	3.89579420000000	0.186877860000000
2007.50000000000	3.82618950000000	0.0952133260000000
2010	3.74212790000000	0.136322360000000
2012.50000000000	3.75011680000000	0.0701071430000000
2015	3.73526020000000	0.279616120000000
2017.50000000000	3.64109230000000	0.169174860000000
2020	3.56367630000000	0.171291020000000
2022.50000000000	3.49306650000000	0.158257080000000
2025	3.32409010000000	0.338493580000000
2027.50000000000	3.41754680000000	0.189164410000000
2030	3.42146690000000	0.111902800000000
2032.50000000000	3.51908920000000	0.129954730000000
2035	3.61830200000000	0.159332760000000
2037.50000000000	3.66253120000000	0.182299050000000
2040	3.62148770000000	0.244331010000000
2042.50000000000	3.64152720000000	0.231043260000000
2045	3.81536580000000	0.0799676940000000
2047.50000000000	3.73522960000000	0.194646940000000
2050	3.65639350000000	0.286573600000000
2052.50000000000	3.58082780000000	0.279560250000000
2055	3.77645720000000	0.237381370000000
2057.50000000000	3.65443640000000	0.162442420000000
2060	3.72824840000000	0.184498890000000
2062.50000000000	3.92300250000000	0.198847550000000
2065	4.09065810000000	0.172428820000000
2067.50000000000	4.22071100000000	0.0994265310000000
2070	4.26898280000000	0.0735540470000000
2072.50000000000	4.19169030000000	0.0709190990000000
2075	4.04517240000000	0.262610920000000
2077.50000000000	3.95764900000000	0.189506290000000
2080	3.96416160000000	0.183298780000000
2082.50000000000	4.10062100000000	0.122133710000000
2085	3.99833990000000	0.154500860000000
2087.50000000000	3.94852170000000	0.100902940000000
2090	3.81942380000000	0.0739279720000000
2092.50000000000	3.75577710000000	0.116571580000000
2095	3.60955300000000	0.150783970000000
2097.50000000000	3.54170520000000	0.161207340000000
2100	3.55896440000000	0.218290920000000
2102.50000000000	3.60289680000000	0.232301150000000
2105	3.66904800000000	0.153266770000000
2107.50000000000	3.63248180000000	0.123331860000000
2110	3.55693670000000	0.163200390000000
2112.50000000000	3.50575660000000	0.122378600000000
2115	3.47132180000000	0.224360910000000
2117.50000000000	3.78056800000000	0.204084120000000
2120	3.62968290000000	0.237783040000000
2122.50000000000	3.81187530000000	0.0702628880000000
2125	3.62108180000000	0.208664220000000
2127.50000000000	3.54330020000000	0.129403110000000
2130	3.32206400000000	0.188951530000000
2132.50000000000	3.36784350000000	0.0869906810000000
2135	3.24824060000000	0.266434970000000
2137.50000000000	3.26550470000000	0.370547730000000
2140	3.36181020000000	0.127517440000000
2142.50000000000	3.49837170000000	0.145130930000000
2145	3.68233100000000	0.293594270000000
2147.50000000000	3.98922050000000	0.206279090000000
2150	4.19728910000000	0.164759270000000
2152.50000000000	4.23779820000000	0.131668490000000
2155	4.22797270000000	0.208179870000000
2157.50000000000	4.09170240000000	0.283325580000000
2160	4.13924060000000	0.0784581770000000
2162.50000000000	4.05312690000000	0.131621560000000
2165	3.88223090000000	0.299713060000000
2167.50000000000	3.84156450000000	0.0991328200000000
2170	3.77682210000000	0.0708799140000000
2172.50000000000	3.73808460000000	0.118394940000000
2175	3.58544340000000	0.116426640000000
2177.50000000000	3.44321350000000	0.112186130000000
2180	3.43243760000000	0.115976670000000
2182.50000000000	3.39637080000000	0.0586038350000000
2185	3.50950260000000	0.148245660000000
2187.50000000000	3.41027730000000	0.268797780000000
2190	3.61291370000000	0.123699310000000
2192.50000000000	3.69579800000000	0.190064890000000
2195	3.66069480000000	0.141343160000000
2197.50000000000	3.82013460000000	0.0914510670000000
2200	3.86461120000000	0.144259040000000
2202.50000000000	3.87059490000000	0.119427580000000
2205	3.77787280000000	0.129043160000000
2207.50000000000	3.67461370000000	0.126285020000000
2210	3.61384860000000	0.0913343070000000
2212.50000000000	3.46035390000000	0.119122830000000
2215	3.58816570000000	0.162300090000000
2217.50000000000	3.59336810000000	0.123502900000000
2220	3.47754260000000	0.178414580000000
2222.50000000000	3.41539100000000	0.117655240000000
2225	3.33753600000000	0.208905320000000
2227.50000000000	3.37478790000000	0.197780390000000
2230	3.43652040000000	0.106407530000000
2232.50000000000	3.47316770000000	0.243299520000000
2235	3.61262820000000	0.255369380000000
2237.50000000000	3.74364190000000	0.285632530000000
2240	3.97412530000000	0.180272070000000
2242.50000000000	3.88561030000000	0.236283100000000
2245	3.84464430000000	0.200626690000000
2247.50000000000	3.78967440000000	0.175965070000000
2250	3.72671270000000	0.126036680000000
2252.50000000000	3.64721120000000	0.200079010000000
2255	3.36283090000000	0.189822090000000
2257.50000000000	3.34701700000000	0.145805750000000
2260	3.14315190000000	0.165192090000000
2262.50000000000	3.23844460000000	0.135156680000000
2265	3.31011510000000	0.127791750000000
2267.50000000000	3.38546330000000	0.0787766740000000
2270	3.59553040000000	0.0966227890000000
2272.50000000000	3.60564020000000	0.349723930000000
2275	3.97994440000000	0.147976200000000
2277.50000000000	3.91519500000000	0.309830560000000
2280	3.93881610000000	0.119671670000000
2282.50000000000	3.92349830000000	0.0981828050000000
2285	3.85180140000000	0.0798720420000000
2287.50000000000	3.68053210000000	0.111288510000000
2290	3.55238340000000	0.168229110000000
2292.50000000000	3.45306150000000	0.0842476120000000
2295	3.35887060000000	0.124958540000000
2297.50000000000	3.33446110000000	0.203646290000000
2300	3.30244790000000	0.251331480000000
2302.50000000000	3.40225440000000	0.0940920780000000
2305	3.54790080000000	0.129694980000000
2307.50000000000	3.46191060000000	0.285712890000000
2310	3.67840780000000	0.169008900000000
2312.50000000000	3.64492780000000	0.261959530000000
2315	3.74667250000000	0.0890954260000000
2317.50000000000	3.75709260000000	0.121964850000000
2320	3.80541870000000	0.259938800000000
2322.50000000000	3.68911120000000	0.143996320000000
2325	3.48437340000000	0.117625380000000
2327.50000000000	3.69918560000000	0.297401580000000
2330	3.62568110000000	0.197697290000000
2332.50000000000	3.62416020000000	0.154298350000000
2335	3.53217580000000	0.131772950000000
2337.50000000000	3.37027340000000	0.0751004110000000
2340	3.23910790000000	0.189944290000000
2342.50000000000	3.27716390000000	0.0941425000000000
2345	3.22128580000000	0.116866660000000
2347.50000000000	3.29532910000000	0.181733610000000
2350	3.51543830000000	0.219102380000000
2352.50000000000	3.69097750000000	0.237576220000000
2355	3.88994400000000	0.161786250000000
2357.50000000000	3.93487220000000	0.137183900000000
2360	3.81131350000000	0.291836960000000
2362.50000000000	3.81284450000000	0.173394540000000
2365	3.70067070000000	0.164853830000000
2367.50000000000	3.79140600000000	0.155274100000000
2370	3.75959070000000	0.245195220000000
2372.50000000000	3.58649220000000	0.118895480000000
2375	3.43414580000000	0.203395740000000
2377.50000000000	3.37437270000000	0.156261860000000
2380	3.30942630000000	0.165414110000000
2382.50000000000	3.20180580000000	0.461074290000000
2385	3.30240090000000	0.205377400000000
2387.50000000000	3.31619500000000	0.206021070000000
2390	3.57160460000000	0.202514270000000
2392.50000000000	3.39304000000000	0.370749980000000
2395	3.47925110000000	0.261142370000000
2397.50000000000	3.60688540000000	0.169661510000000
2400	3.55717180000000	0.225615750000000
2402.50000000000	3.67571510000000	0.191452280000000
2405	3.59269270000000	0.183949230000000
2407.50000000000	3.48697060000000	0.158349540000000
2410	3.29630040000000	0.205765370000000
2412.50000000000	3.34312420000000	0.118217090000000
2415	3.38739620000000	0.0895126230000000
2417.50000000000	3.26723110000000	0.325458320000000
2420	3.44031980000000	0.101663670000000
2422.50000000000	3.54012370000000	0.153304500000000
2425	3.69216920000000	0.271107120000000
2427.50000000000	3.81701300000000	0.303317320000000
2430	4.08432250000000	0.155890350000000
2432.50000000000	4.28075520000000	0.100744700000000
2435	3.99039080000000	0.248170160000000
2437.50000000000	4.12544700000000	0.104302330000000
2440	3.80385960000000	0.441464970000000
2442.50000000000	4.03878560000000	0.117830210000000
2445	4.02682250000000	0.186735720000000
2447.50000000000	3.87830690000000	0.235584450000000
2450	3.80558760000000	0.182525740000000
2452.50000000000	3.73044370000000	0.126344900000000
2455	3.55571560000000	0.154993030000000
2457.50000000000	3.46594410000000	0.163436650000000
2460	3.35764610000000	0.183997970000000
2462.50000000000	3.36649110000000	0.109370420000000
2465	3.32235260000000	0.239238400000000
2467.50000000000	3.33257110000000	0.0905475800000000
2470	3.29492940000000	0.758222150000000
2472.50000000000	3.55173830000000	0.355899280000000
2475	3.48548190000000	0.138381630000000
2477.50000000000	3.67330380000000	0.176933850000000
2480	3.89034680000000	0.131489930000000
2482.50000000000	4.04251320000000	0.227923380000000
2485	4.01397340000000	0.349034860000000
2487.50000000000	4.16198610000000	0.183643360000000
2490	3.94873090000000	0.168632460000000
2492.50000000000	3.65148390000000	0.338508420000000
2495	3.66922120000000	0.131374120000000
2497.50000000000	3.48186920000000	0.105982410000000
2500	3.33614620000000	0.279135550000000
2502.50000000000	3.37498610000000	0.272194410000000
2505	3.44779250000000	0.103182680000000
2507.50000000000	3.52355830000000	0.147165450000000
2510	3.72302920000000	0.102730530000000
2512.50000000000	3.51947830000000	0.263791560000000
2515	3.94059240000000	0.244950900000000
2517.50000000000	4.16349080000000	0.220394580000000
2520	4.26001030000000	0.144253180000000
2522.50000000000	4.17897820000000	0.183672810000000
2525	4.18665170000000	0.0811895830000000
2527.50000000000	4.11589630000000	0.155543460000000
2530	3.97595310000000	0.190065470000000
2532.50000000000	3.99677100000000	0.0961650320000000
2535	3.84313740000000	0.253296370000000
2537.50000000000	3.71740710000000	0.149437870000000
2540	3.58747230000000	0.263513330000000
2542.50000000000	3.37055080000000	0.110176200000000
2545	3.31014170000000	0.181623290000000
2547.50000000000	3.24966040000000	0.397494140000000
2550	3.18889250000000	0.0713313280000000
2552.50000000000	3.18757490000000	0.143988170000000
2555	3.33258750000000	0.163662240000000
2557.50000000000	3.42956170000000	0.417001630000000
2560	3.55844880000000	0.192933860000000
2562.50000000000	3.56147860000000	0.148761060000000
2565	3.60398240000000	0.0724270120000000
2567.50000000000	3.44672040000000	0.222001920000000
2570	3.51469940000000	0.0729269710000000
2572.50000000000	3.48801570000000	0.129574760000000
2575	3.38883740000000	0.210303980000000
2577.50000000000	3.23642910000000	0.258690960000000
2580	3.35589850000000	0.290883470000000
2582.50000000000	3.23686280000000	0.130916400000000
2585	3.30505240000000	0.105196450000000
2587.50000000000	3.25332520000000	0.223887600000000
2590	3.28043260000000	0.210169460000000
2592.50000000000	3.34451840000000	0.128886180000000
2595	3.52105310000000	0.205293230000000
2597.50000000000	3.64991720000000	0.118580450000000
2600	3.78949150000000	0.188241920000000
2602.50000000000	3.84522790000000	0.201376610000000
2605	3.79350040000000	0.219256130000000
2607.50000000000	3.86789240000000	0.113731510000000
2610	3.77931390000000	0.100997470000000
2612.50000000000	3.66605900000000	0.100533520000000
2615	3.42944880000000	0.181440770000000
2617.50000000000	3.48264990000000	0.129049290000000
2620	3.39733390000000	0.0998122080000000
2622.50000000000	3.29646670000000	0.203997720000000
2625	3.30695070000000	0.0801036750000000
2627.50000000000	3.20143010000000	0.219324870000000
2630	3.37491700000000	0.141252770000000
2632.50000000000	3.48499560000000	0.0824054540000000
2635	3.50811540000000	0.0830214190000000
2637.50000000000	3.63849460000000	0.180693200000000
2640	3.65146180000000	0.188260960000000
2642.50000000000	3.73029790000000	0.118971940000000
2645	3.77986010000000	0.166371600000000
2647.50000000000	3.72373670000000	0.340949110000000
2650	3.49457800000000	0.147972460000000
2652.50000000000	3.32822180000000	0.173430510000000
2655	3.25674580000000	0.108575380000000
2657.50000000000	3.11291680000000	0.182371120000000
2660	3.28330590000000	0.138505230000000
2662.50000000000	3.23858620000000	0.237263500000000
2665	3.25322070000000	0.144704170000000
2667.50000000000	3.29107940000000	0.177046180000000
2670	3.28863580000000	0.187881710000000
2672.50000000000	3.10330770000000	0.678834070000000
2675	3.33196890000000	0.196726800000000
2677.50000000000	3.44800870000000	0.172115590000000
2680	3.44386630000000	0.225069280000000
2682.50000000000	3.73298240000000	0.131588330000000
2685	3.83189460000000	0.0974696400000000
2687.50000000000	3.85431180000000	0.147766190000000
2690	3.81252500000000	0.278409900000000
2692.50000000000	3.66967540000000	0.193241830000000
2695	3.65294320000000	0.127687680000000
2697.50000000000	3.65133310000000	0.0937926070000000
2700	3.65415810000000	0.133237070000000
2702.50000000000	3.38865380000000	0.723389750000000
2705	3.72039730000000	0.151998010000000
2707.50000000000	3.80726300000000	0.138678680000000
2710	3.81496260000000	0.186997920000000
2712.50000000000	3.76244630000000	0.301448990000000
2715	3.85163220000000	0.214224870000000
2717.50000000000	3.82291070000000	0.269464320000000
2720	3.79835790000000	0.180221020000000
2722.50000000000	3.80822140000000	0.165748520000000
2725	3.72934290000000	0.111146080000000
2727.50000000000	3.69037410000000	0.132907620000000
2730	3.56522320000000	0.178794230000000
2732.50000000000	3.44987860000000	0.212980050000000
2735	3.38463330000000	0.171087380000000
2737.50000000000	3.21412110000000	0.178798680000000
2740	3.19357320000000	0.134318630000000
2742.50000000000	3.15045160000000	0.132396580000000
2745	3.14560690000000	0.114350080000000
2747.50000000000	3.14428960000000	0.297234450000000
2750	3.14120140000000	0.123650770000000
2752.50000000000	3.19055820000000	0.158501710000000
2755	3.21811960000000	0.137308870000000
2757.50000000000	3.29718140000000	0.107468050000000
2760	3.39149670000000	0.163704430000000
2762.50000000000	3.45725910000000	0.211254550000000
2765	3.36178020000000	0.292373240000000
2767.50000000000	3.28947140000000	0.283440330000000
2770	3.31688380000000	0.219152030000000
2772.50000000000	3.29318860000000	0.149153450000000
2775	3.26509280000000	0.154049230000000
2777.50000000000	3.21801820000000	0.0947288620000000
2780	3.21490320000000	0.101127410000000
2782.50000000000	3.20385880000000	0.151276520000000
2785	3.19238120000000	0.170942530000000
2787.50000000000	3.28959170000000	0.0784388670000000
2790	3.04882840000000	0.765637370000000
2792.50000000000	3.27036220000000	0.229239020000000
2795	3.38890360000000	0.0809230320000000
2797.50000000000	3.49540020000000	0.167819280000000
2800	3.62146850000000	0.163197040000000
2802.50000000000	3.72941800000000	0.314221580000000
2805	3.70517750000000	0.279012340000000
2807.50000000000	3.78866640000000	0.130646550000000
2810	3.68209260000000	0.236088780000000
2812.50000000000	3.66723720000000	0.152104970000000
2815	3.58220150000000	0.112054540000000
2817.50000000000	3.55609380000000	0.118945270000000
2820	3.52744330000000	0.235537840000000
2822.50000000000	3.30392380000000	0.134512370000000
2825	3.25555890000000	0.0384424890000000
2827.50000000000	3.18476930000000	0.170229880000000
2830	3.21883180000000	0.127532880000000
2832.50000000000	3.20597270000000	0.202101190000000
2835	3.21613320000000	0.242047730000000
2837.50000000000	3.35766770000000	0.116934120000000
2840	3.48637600000000	0.0923077000000000
2842.50000000000	3.51295420000000	0.141669980000000
2845	3.47563220000000	0.0974705690000000
2847.50000000000	3.56155100000000	0.328799440000000
2850	3.54972040000000	0.144678510000000
2852.50000000000	3.54968390000000	0.256990420000000
2855	3.39904820000000	0.0983546200000000
2857.50000000000	3.17824170000000	0.205718000000000
2860	3.29686640000000	0.0846381850000000
2862.50000000000	3.25648930000000	0.0808887280000000
2865	3.33307100000000	0.184846830000000
2867.50000000000	3.35595170000000	0.125616430000000
2870	3.32052020000000	0.104367360000000
2872.50000000000	3.37224420000000	0.328351170000000
2875	3.35043560000000	0.293797020000000
2877.50000000000	3.52443600000000	0.190097700000000
2880	3.56059690000000	0.199392780000000
2882.50000000000	3.41290570000000	0.202949080000000
2885	3.52606140000000	0.169744710000000
2887.50000000000	3.44794000000000	0.243066520000000
2890	3.47090840000000	0.132122690000000
2892.50000000000	3.29892960000000	0.259136370000000
2895	3.28558360000000	0.226946970000000
2897.50000000000	3.05233920000000	0.661639600000000
2900	3.19105070000000	0.283500990000000
2902.50000000000	3.22065680000000	0.129262300000000
2905	3.27417950000000	0.129548520000000
2907.50000000000	3.28590640000000	0.131592640000000
2910	3.35621030000000	0.106287010000000
2912.50000000000	3.36363570000000	0.125602980000000
2915	3.43147630000000	0.278930170000000
2917.50000000000	3.43690180000000	0.242885690000000
2920	3.50245410000000	0.146614250000000
2922.50000000000	3.60028040000000	0.203698440000000
2925	3.55813470000000	0.214944500000000
2927.50000000000	3.51405670000000	0.344248230000000
2930	3.62789850000000	0.0873153570000000
2932.50000000000	3.56780140000000	0.135122640000000
2935	3.41201640000000	0.111712100000000
2937.50000000000	3.26094840000000	0.157305990000000
2940	3.15876820000000	0.164008050000000
2942.50000000000	3.14052910000000	0.179421150000000
2945	3.11398280000000	0.172164470000000
2947.50000000000	3.02783120000000	0.177792510000000
2950	3.00576040000000	0.186083320000000
2952.50000000000	3.06661900000000	0.149362480000000
2955	3.15336410000000	0.207178250000000
2957.50000000000	3.23755420000000	0.210890080000000
2960	3.12269760000000	0.204726280000000
2962.50000000000	3.25990900000000	0.0908974170000000
2965	3.24401570000000	0.188523940000000
2967.50000000000	3.32382820000000	0.0757101690000000
2970	3.39446810000000	0.100925160000000
2972.50000000000	3.40374950000000	0.214631180000000
2975	3.53047870000000	0.113361750000000
2977.50000000000	3.57578780000000	0.194003390000000
2980	3.55619440000000	0.247132600000000
2982.50000000000	3.42545110000000	0.222536760000000
2985	3.26420060000000	0.306933360000000
2987.50000000000	3.23242010000000	0.154863280000000
2990	3.27272190000000	0.215452520000000
2992.50000000000	3.21315170000000	0.160511880000000
2995	3.22297190000000	0.178015790000000
2997.50000000000	3.41997930000000	0.259275880000000
3000	3.47646300000000	0.243287530000000
3005	3.49343660000000	0.172737740000000
3010	3.51483800000000	0.179167660000000
3015	3.50026640000000	0.149875960000000
3020	3.40778930000000	0.133770570000000
3025	3.35577000000000	0.155633220000000
3030	3.18565690000000	0.331919040000000
3035	3.10597890000000	0.206196360000000
3040	3.20690830000000	0.0772629900000000
3045	3.34132710000000	0.0850438000000000
3050	3.38700250000000	0.119935490000000
3055	3.35941820000000	0.162463460000000
3060	3.26062560000000	0.221144590000000
3065	3.22711120000000	0.302676340000000
3070	3.23041930000000	0.239183540000000
3075	3.09388580000000	0.143594530000000
3080	3.02697000000000	0.245864620000000
3085	3.09091450000000	0.132797480000000
3090	3.09003690000000	0.153095410000000
3095	3.18440510000000	0.126883200000000
3100	3.19884320000000	0.142078210000000
3105	3.23272090000000	0.0926216490000000
3110	3.13641990000000	0.219052100000000
3115	3.18465430000000	0.152379940000000
3120	3.24155710000000	0.153164820000000
3125	3.33912840000000	0.0606607000000000
3130	3.37764250000000	0.108772010000000
3135	3.46571280000000	0.189829580000000
3140	3.51338300000000	0.207624590000000
3145	3.40223620000000	0.184820430000000
3150	3.18343780000000	0.157667570000000
3155	2.94979050000000	0.276066170000000
3160	3.00332040000000	0.190305770000000
3165	3.04549580000000	0.220816530000000
3170	3.18129400000000	0.159363660000000
3175	3.13804520000000	0.198252730000000
3180	3.12819260000000	0.206875330000000
3185	3.14453420000000	0.192673750000000
3190	3.09918680000000	0.568422160000000
3195	3.20546390000000	0.145267870000000
3200	3.07148610000000	0.185321000000000
3205	3.10650600000000	0.303035580000000
3210	3.07183770000000	0.134411180000000
3215	3.10233010000000	0.0856904800000000
3220	3.11765790000000	0.120506550000000
3225	3.13165480000000	0.265384250000000
3230	3.09133060000000	0.139003090000000
3235	3.03065670000000	0.203396660000000
3240	3.06187190000000	0.242574920000000
3245	3.06333890000000	0.152375500000000
3250	3.09695500000000	0.0927714830000000
3255	3.17797340000000	0.0931704250000000
3260	3.22550030000000	0.0961514550000000
3265	3.22009980000000	0.329979760000000
3270	3.20536240000000	0.289144320000000
3275	3.21108720000000	0.145167850000000
3280	3.27639850000000	0.106238910000000
3285	3.34508960000000	0.140409920000000
3290	3.52532070000000	0.294529950000000
3295	3.63964730000000	0.297584440000000
3300	3.64720140000000	0.168911050000000
3305	3.59259820000000	0.253798750000000
3310	3.44103220000000	0.191590700000000
3315	3.21070790000000	0.193298250000000
3320	3.01364170000000	0.726570140000000
3325	3.16594940000000	0.303005840000000
3330	3.13234830000000	0.215794940000000
3335	3.19248720000000	0.0981377850000000
3340	3.21610930000000	0.134075360000000
3345	3.26018040000000	0.180586160000000
3350	3.26198400000000	0.188395240000000
3355	3.30073200000000	0.0781977560000000
3360	3.19939780000000	0.0852084310000000
3365	3.12479900000000	0.102189700000000
3370	3.03919930000000	0.173930080000000
3375	3.13251580000000	0.214697640000000
3380	3.29352950000000	0.228126390000000
3385	3.30924090000000	0.135491770000000
3390	3.22903630000000	0.140502600000000
3395	3.18715970000000	0.159028240000000
3400	3.20815550000000	0.155179250000000
3405	3.19917340000000	0.0905557720000000
3410	3.14123410000000	0.125566310000000
3415	3.04569350000000	0.210855380000000
3420	3.06207820000000	0.0966114610000000
3425	3.21254730000000	0.180261260000000
3430	3.10157020000000	0.0859956040000000
3435	2.96262040000000	0.153540310000000
3440	2.93140060000000	0.0720422890000000
3445	2.99656130000000	0.152685260000000
3450	3.08514250000000	0.0776670580000000
3455	3.05038440000000	0.181384180000000
3460	3.09268110000000	0.163843130000000
3465	3.15758900000000	0.149436990000000
3470	3.07245850000000	0.105736160000000
3475	2.93795980000000	0.0894045910000000
3480	2.86663900000000	0.211871450000000
3485	2.92611120000000	0.0975527380000000
3490	2.94988580000000	0.199544710000000
3495	3.06359820000000	0.136424140000000
3500	3.09256440000000	0.0826071150000000
3505	3.01069250000000	0.140013900000000
3510	2.98357120000000	0.119555950000000
3515	3.00929970000000	0.262310850000000
3520	2.97687610000000	0.103242470000000
3525	3.01737160000000	0.101013350000000
3530	3.02043910000000	0.108810790000000
3535	3.05858860000000	0.326205750000000
3540	3.05188360000000	0.239763560000000
3545	3.12176070000000	0.138937930000000
3550	3.05779180000000	0.226302020000000
3555	3.04057210000000	0.159111340000000
3560	3.03759620000000	0.0898616300000000
3565	2.89564070000000	0.163106910000000
3570	2.81903500000000	0.380856070000000
3575	2.87479470000000	0.134170690000000
3580	3.10970170000000	0.133310000000000
3585	3.12795550000000	0.402440040000000
3590	3.12686030000000	0.120406480000000
3595	2.95738480000000	0.188840750000000
3600	2.90922780000000	0.149904670000000
3605	2.87640940000000	0.228548610000000
3610	2.83889620000000	0.359212370000000
3615	2.95975340000000	0.142467290000000
3620	3.13159100000000	0.259445350000000
3625	3.20064440000000	0.257269190000000
3630	3.34546200000000	0.242830170000000
3635	3.23671820000000	0.125781670000000
3640	3.07074220000000	0.179282910000000
3645	2.92418160000000	0.129211800000000
3650	3.00108350000000	0.0914400930000000
3655	3.12065140000000	0.209485150000000
3660	3.20839770000000	0.220395800000000
3665	3.30153600000000	0.345632020000000
3670	3.29759780000000	0.386398370000000
3675	3.25264600000000	0.129097460000000
3680	3.03623540000000	0.173395900000000
3685	2.96964760000000	0.0692418830000000
3690	2.90279000000000	0.100625960000000
3695	2.92147500000000	0.0999084560000000
3700	2.98224500000000	0.117431230000000
3705	3.17728410000000	0.0787332200000000
3710	3.19639660000000	0.129214540000000
3715	3.11505630000000	0.230510320000000
3720	2.88383830000000	0.119113630000000
3725	2.99109960000000	0.558618640000000
3730	2.94742570000000	0.101387590000000
3735	2.97762010000000	0.127642000000000
3740	3.06598790000000	0.132008830000000
3745	3.16627460000000	0.160925750000000
3750	3.11036700000000	0.199914530000000
3755	2.99013240000000	0.123251940000000
3760	2.90411550000000	0.0599600540000000
3765	2.83008890000000	0.579995020000000
3770	2.92450450000000	0.0861379600000000
3775	2.97540310000000	0.149939180000000
3780	2.87821860000000	0.136438300000000
3785	2.97242770000000	0.158607860000000
3790	3.06083350000000	0.134646420000000
3795	3.15148800000000	0.251052180000000
3800	2.98238320000000	0.0878688000000000
3805	3.06974010000000	0.107977000000000
3810	2.98968920000000	0.0934066260000000
3815	2.96690840000000	0.100951300000000
3820	3.02602430000000	0.245494810000000
3825	3.06490950000000	0.197989210000000
3830	3.12967640000000	0.232641110000000
3835	2.99420710000000	0.146613730000000
3840	2.83359320000000	0.118824800000000
3845	2.93098080000000	0.206180900000000
3850	2.95338190000000	0.166135700000000
3855	2.91925020000000	0.148929710000000
3860	2.87879160000000	0.186944520000000
3865	3.05918530000000	0.111394440000000
3870	3.21340700000000	0.185413890000000
3875	3.24622170000000	0.138648950000000
3880	3.02211940000000	0.107388560000000
3885	2.93295970000000	0.112172040000000
3890	2.82849860000000	0.138287440000000
3895	3.02112110000000	0.188167460000000
3900	2.97036510000000	0.126761640000000
3905	2.91044990000000	0.102658060000000
3910	2.92856840000000	0.102353630000000
3915	2.99368880000000	0.158633830000000
3920	3.14780230000000	0.172847760000000
3925	3.02570230000000	0.147237320000000
3930	2.89459040000000	0.0770471710000000
3935	2.84439960000000	0.138344880000000
3940	3.05369670000000	0.310330560000000
3945	2.96320790000000	0.113460240000000
3950	2.97444260000000	0.101005700000000
3955	2.86096760000000	0.110941370000000
3960	2.90042150000000	0.0902943750000000
3965	2.93646130000000	0.0802702270000000
3970	2.96428890000000	0.161221250000000
3975	3.01098610000000	0.0913041000000000
3980	3.02887360000000	0.0694110880000000
3985	3.07982170000000	0.139487820000000
3990	3.16953520000000	0.101572380000000
3995	3.27420060000000	0.216359230000000
4000	3.17686510000000	0.194545790000000
4005	3.09130330000000	0.169490400000000
4010	3.06639440000000	0.128611050000000
4015	2.95478520000000	0.109530680000000
4020	3.05445110000000	0.262840990000000
4025	2.94027530000000	0.0799890510000000
4030	2.98201020000000	0.282015300000000
4035	3.19493340000000	0.389532750000000
4040	3.25942750000000	0.406471580000000
4045	3.25308500000000	0.453168230000000
4050	3.06100160000000	0.204474110000000
4055	3.13075330000000	0.245354510000000
4060	3.08906680000000	0.128993060000000
4065	3.13175860000000	0.168259620000000
4070	3.04928960000000	0.111099600000000
4075	3.04566740000000	0.145598640000000
4080	3.00721090000000	0.184009530000000
4085	2.99404400000000	0.176227580000000
4090	2.91630980000000	0.216443830000000
4095	2.92980330000000	0.0990678520000000
4100	2.90156750000000	0.129312570000000
4105	2.89652360000000	0.132243750000000
4110	2.92950070000000	0.0646915160000000
4115	2.98466480000000	0.0655478920000000
4120	3.03684650000000	0.119986260000000
4125	3.02888930000000	0.108147570000000
4130	2.91671840000000	0.128832430000000
4135	2.89723770000000	0.111948450000000
4140	2.93308270000000	0.0989554880000000
4145	2.90611170000000	0.112661050000000
4150	3.02772810000000	0.148501670000000
4155	3.08826470000000	0.145129650000000
4160	3.01968520000000	0.101054790000000
4165	3.04395630000000	0.0917257340000000
4170	3.00847030000000	0.161532260000000
4175	2.96236660000000	0.115423010000000
4180	2.88446850000000	0.0960834590000000
4185	2.88271540000000	0.0915308790000000
4190	2.89831310000000	0.0872185090000000
4195	2.94544760000000	0.0993760440000000
4200	2.98584550000000	0.122695980000000
4205	3.02012500000000	0.125906620000000
4210	3.01490930000000	0.192787170000000
4215	2.95502450000000	0.164823320000000
4220	2.92780600000000	0.129958740000000
4225	2.90602780000000	0.110342960000000
4230	2.93830720000000	0.0904455330000000
4235	2.98476150000000	0.106926180000000
4240	2.93040000000000	0.121866920000000
4245	2.93497300000000	0.150417440000000
4250	3.07563070000000	0.101519800000000
4255	3.14514730000000	0.218817230000000
4260	3.00934300000000	0.0971510850000000
4265	2.97908660000000	0.180469340000000
4270	2.87331850000000	0.119748040000000
4275	2.92938330000000	0.212657510000000
4280	2.93350880000000	0.120046440000000
4285	2.93193360000000	0.111183620000000
4290	2.96605300000000	0.101101270000000
4295	3.01446170000000	0.186646100000000
4300	2.99269270000000	0.139359860000000
4305	2.90812050000000	0.141626920000000
4310	2.86568780000000	0.116741260000000
4315	2.82900400000000	0.135207120000000
4320	2.93939780000000	0.146683380000000
4325	2.96481770000000	0.229641230000000
4330	2.91638980000000	0.0795350090000000
4335	2.89092560000000	0.0972902500000000
4340	2.85890270000000	0.581430430000000
4345	2.97667460000000	0.104553070000000
4350	3.05379750000000	0.119312170000000
4355	2.99448170000000	0.0446151020000000
4360	3.03307220000000	0.201718860000000
4365	3.11337300000000	0.365993940000000
4370	2.97712620000000	0.153669130000000
4375	2.93882110000000	0.0636109880000000
4380	3.07281760000000	0.184069770000000
4385	2.96321340000000	0.0672193500000000
4390	3.01501310000000	0.114834320000000
4395	2.93598010000000	0.0607512980000000
4400	2.92723430000000	0.115619980000000
4405	2.95529260000000	0.181982810000000
4410	3.00690580000000	0.0870318190000000
4415	3.10392840000000	0.253551060000000
4420	3.05156170000000	0.263213220000000
4425	2.96602870000000	0.106226220000000
4430	3.00426480000000	0.148503710000000
4435	3.09562910000000	0.111271510000000
4440	3.00752360000000	0.130293890000000
4445	2.96752290000000	0.181548040000000
4450	3.04964790000000	0.232242100000000
4455	2.94141960000000	0.194639270000000
4460	2.90482740000000	0.115725460000000
4465	2.91083390000000	0.0857252900000000
4470	2.94416880000000	0.0923261600000000
4475	2.97181220000000	0.123975650000000
4480	2.98156240000000	0.183061180000000
4485	2.99277510000000	0.360366090000000
4490	3.11545420000000	0.231671620000000
4495	3.07396770000000	0.0995648690000000
4500	3.18888240000000	0.180409100000000
4505	3.18103090000000	0.185247970000000
4510	2.96059110000000	0.0870738190000000
4515	3.09161920000000	0.187197400000000
4520	2.92483050000000	0.0936479630000000
4525	3.03418440000000	0.0799114670000000
4530	3.13223370000000	0.106590880000000
4535	3.11355190000000	0.0969581450000000
4540	2.98247020000000	0.167134470000000
4545	2.96206310000000	0.0491588750000000
4550	2.99198470000000	0.171484260000000
4555	2.98771700000000	0.256415670000000
4560	3.02954590000000	0.184126790000000
4565	3.06693290000000	0.187915420000000
4570	3.14151420000000	0.108010320000000
4575	3.14904260000000	0.108197130000000
4580	3.09490180000000	0.123412540000000
4585	3.00660870000000	0.0755830000000000
4590	3.02120950000000	0.0750900430000000
4595	3.03861700000000	0.171635400000000
4600	2.97322180000000	0.0844223980000000
4605	3.03127080000000	0.125058660000000
4610	3.12794930000000	0.144366890000000
4615	3.22185430000000	0.163782950000000
4620	3.10075770000000	0.121284760000000
4625	2.99264620000000	0.212053190000000
4630	3.04701340000000	0.141283400000000
4635	2.97855080000000	0.564940270000000
4640	2.99010740000000	0.111962920000000
4645	2.94848070000000	0.0985445470000000
4650	3.06860350000000	0.191199860000000
4655	3.10667660000000	0.126711790000000
4660	2.99434550000000	0.0778958940000000
4665	3.00272710000000	0.188518380000000
4670	2.98429450000000	0.120838200000000
4675	2.95691770000000	0.205094610000000
4680	3.10359730000000	0.165270380000000
4685	3.19055500000000	0.151229760000000
4690	3.17180500000000	0.139993380000000
4695	3.11181400000000	0.135017030000000
4700	2.95155130000000	0.158751250000000
4705	3.01104530000000	0.115219130000000
4710	3.03527930000000	0.0942113320000000
4715	2.97145040000000	0.135733300000000
4720	3.01314060000000	0.179027880000000
4725	3.18464220000000	0.148617010000000
4730	3.17157940000000	0.222728580000000
4735	3.18758820000000	0.225408980000000
4740	3.10755940000000	0.224265600000000
4745	3.01789760000000	0.0534401740000000
4750	2.97266600000000	0.129828290000000
4755	2.96971860000000	0.0943978830000000
4760	2.92817820000000	0.193545540000000
4765	3.04419310000000	0.113457860000000
4770	3.19287770000000	0.0784690150000000
4775	3.22333390000000	0.155448500000000
4780	3.16610280000000	0.155478660000000
4785	3.11913050000000	0.276269600000000
4790	2.97258320000000	0.118137950000000
4795	3.00614080000000	0.105637580000000
4800	2.95684590000000	0.121903710000000
4805	3.01181450000000	0.143581910000000
4810	3.15313710000000	0.244739360000000
4815	3.15404640000000	0.125413820000000
4820	3.05055750000000	0.0801111170000000
4825	2.98725840000000	0.183364020000000
4830	3.03186020000000	0.201772730000000
4835	3.06948950000000	0.224830630000000
4840	3.15045750000000	0.255445410000000
4845	3.27864410000000	0.186994050000000
4850	3.23074060000000	0.165436260000000
4855	3.08158490000000	0.236024710000000
4860	3.05485480000000	0.147850580000000
4865	2.95318760000000	0.141637540000000
4870	2.94195140000000	0.0962934390000000
4875	2.89829830000000	0.223150020000000
4880	2.98031190000000	0.0862567000000000
4885	3.08561240000000	0.148172810000000
4890	3.30556620000000	0.222502970000000
4895	3.35130990000000	0.242846010000000
4900	3.22969740000000	0.174166850000000
4905	3.15565990000000	0.160533580000000
4910	2.97674130000000	0.105608200000000
4915	2.87577450000000	0.260315400000000
4920	3.00456230000000	0.125177820000000
4925	2.98294200000000	0.166319390000000
4930	2.98051630000000	0.179894780000000
4935	3.06320580000000	0.132104650000000
4940	3.12887050000000	0.0774537160000000
4945	3.11832050000000	0.150845540000000
4950	2.95864060000000	0.0822290630000000
4955	2.91649250000000	0.212827620000000
4960	2.98346810000000	0.119648940000000
4965	2.92034590000000	0.180908860000000
4970	2.92556330000000	0.162025490000000
4975	2.85696870000000	0.108305250000000
4980	2.95129770000000	0.162381880000000
4985	2.94949730000000	0.110451600000000
4990	2.82794930000000	0.152574060000000
4995	2.91988030000000	0.0984872910000000
5000	2.96423950000000	0.146109370000000