age(kyr) mean(permil) sigma(permil)
0.000000 3.248351 0.103258
0.100000 3.247456 0.101864
0.200000 3.247040 0.100859
0.300000 3.247412 0.100347
0.400000 3.248538 0.100162
0.500000 3.250334 0.100444
0.600000 3.252354 0.101203
0.700000 3.254105 0.101882
0.800000 3.254873 0.102447
0.900000 3.254549 0.102707
1.000000 3.252814 0.102806
1.100000 3.249485 0.102827
1.200000 3.245630 0.102383
1.300000 3.241858 0.101510
1.400000 3.238340 0.100127
1.500000 3.235407 0.098507
1.600000 3.233552 0.096908
1.700000 3.232085 0.095029
1.800000 3.230659 0.093091
1.900000 3.229270 0.091069
2.000000 3.228070 0.089193
2.100000 3.226650 0.087728
2.200000 3.224896 0.086425
2.300000 3.223108 0.085241
2.400000 3.221410 0.084111
2.500000 3.219547 0.083298
2.600000 3.217942 0.082901
2.700000 3.216981 0.082533
2.800000 3.216554 0.082253
2.900000 3.216320 0.081887
3.000000 3.216561 0.081741
3.100000 3.216863 0.082116
3.200000 3.216995 0.082628
3.300000 3.216656 0.083335
3.400000 3.215850 0.084165
3.500000 3.214474 0.085371
3.600000 3.212739 0.087127
3.700000 3.210754 0.088959
3.800000 3.208924 0.090923
3.900000 3.207412 0.092942
4.000000 3.206363 0.095242
4.100000 3.206433 0.097969
4.200000 3.207240 0.100744
4.300000 3.208884 0.103500
4.400000 3.211392 0.106094
4.500000 3.215033 0.108528
4.600000 3.219020 0.110844
4.700000 3.223132 0.112792
4.800000 3.227166 0.114415
4.900000 3.230998 0.115682
5.000000 3.234038 0.116671
5.100000 3.236522 0.117630
5.200000 3.238712 0.118424
5.300000 3.240552 0.119062
5.400000 3.241960 0.119568
5.500000 3.242815 0.120167
5.600000 3.243273 0.120920
5.700000 3.243524 0.121631
5.800000 3.243331 0.122297
5.900000 3.243037 0.122832
6.000000 3.242825 0.123243
6.100000 3.242624 0.123654
6.200000 3.242497 0.123825
6.300000 3.243103 0.123712
6.400000 3.244205 0.123265
6.500000 3.246490 0.122599
6.600000 3.249686 0.121832
6.700000 3.253527 0.120879
6.800000 3.257831 0.119903
6.900000 3.262432 0.118995
7.000000 3.267062 0.118346
7.100000 3.272260 0.118226
7.200000 3.277405 0.118579
7.300000 3.282306 0.119576
7.400000 3.287046 0.121204
7.500000 3.291640 0.123710
7.600000 3.295989 0.127243
7.700000 3.300719 0.131429
7.800000 3.305806 0.136242
7.900000 3.311527 0.141453
8.000000 3.318052 0.147019
8.100000 3.325357 0.152713
8.200000 3.333203 0.158148
8.300000 3.341877 0.163036
8.400000 3.350712 0.167143
8.500000 3.359891 0.170182
8.600000 3.369344 0.172095
8.700000 3.378477 0.172754
8.800000 3.387172 0.172241
8.900000 3.395312 0.170627
9.000000 3.402733 0.168208
9.100000 3.409666 0.165363
9.200000 3.416061 0.162367
9.300000 3.422023 0.159474
9.400000 3.427882 0.156885
9.500000 3.433257 0.154793
9.600000 3.438137 0.153278
9.700000 3.443033 0.152134
9.800000 3.447887 0.151322
9.900000 3.453169 0.150726
10.000000 3.459276 0.150338
10.100000 3.466480 0.150116
10.200000 3.474518 0.149809
10.300000 3.483537 0.149364
10.400000 3.493168 0.148673
10.500000 3.503650 0.147793
10.600000 3.515413 0.146801
10.700000 3.528091 0.145419
10.800000 3.541163 0.143617
10.900000 3.554563 0.141396
11.000000 3.568215 0.139018
11.100000 3.581510 0.136940
11.200000 3.594286 0.135540
11.300000 3.606804 0.135451
11.400000 3.618999 0.136977
11.500000 3.631207 0.140303
11.600000 3.643922 0.145275
11.700000 3.657196 0.151295
11.800000 3.672042 0.157908
11.900000 3.688466 0.164729
12.000000 3.707447 0.171423
12.100000 3.730246 0.177503
12.200000 3.755675 0.182030
12.300000 3.783501 0.184282
12.400000 3.812990 0.183888
12.500000 3.843640 0.181088
12.600000 3.874377 0.176486
12.700000 3.904308 0.170827
12.800000 3.932447 0.164922
12.900000 3.958977 0.159228
13.000000 3.982845 0.154062
13.100000 4.003177 0.149558
13.200000 4.021020 0.145692
13.300000 4.036437 0.142516
13.400000 4.049825 0.139497
13.500000 4.061231 0.136167
13.600000 4.070530 0.132265
13.700000 4.079561 0.127932
13.800000 4.088763 0.123898
13.900000 4.098445 0.120553
14.000000 4.109302 0.118420
14.100000 4.122259 0.117946
14.200000 4.136427 0.119147
14.300000 4.151926 0.122396
14.400000 4.168567 0.127513
14.500000 4.186414 0.134068
14.600000 4.205722 0.141369
14.700000 4.225959 0.148333
14.800000 4.247120 0.154063
14.900000 4.269029 0.157547
15.000000 4.292214 0.158353
15.100000 4.316784 0.156554
15.200000 4.342097 0.152640
15.300000 4.368901 0.147913
15.400000 4.396971 0.143687
15.500000 4.426664 0.140968
15.600000 4.458127 0.140214
15.700000 4.490940 0.140837
15.800000 4.524375 0.142189
15.900000 4.557897 0.143930
16.000000 4.590962 0.146070
16.100000 4.623560 0.148464
16.200000 4.655502 0.150509
16.300000 4.686271 0.151861
16.400000 4.716088 0.152467
16.500000 4.744687 0.152427
16.600000 4.771781 0.151693
16.700000 4.797022 0.150184
16.800000 4.820682 0.148611
16.900000 4.842905 0.147289
17.000000 4.863251 0.146096
17.100000 4.880857 0.144623
17.200000 4.897269 0.142465
17.300000 4.912026 0.139752
17.400000 4.925470 0.136847
17.500000 4.936958 0.134170
17.600000 4.946574 0.131911
17.700000 4.955624 0.129978
17.800000 4.964122 0.128404
17.900000 4.972801 0.127024
18.000000 4.981998 0.125979
18.100000 4.991771 0.125575
18.200000 5.001788 0.125674
18.300000 5.012191 0.126379
18.400000 5.022095 0.127268
18.500000 5.030517 0.127219
18.600000 5.036267 0.124664
18.700000 5.039495 0.119274
18.800000 5.039836 0.112546
18.900000 5.037896 0.106280
19.000000 5.033911 0.102267
19.100000 5.027983 0.101024
19.200000 5.021933 0.101742
19.300000 5.016458 0.103602
19.400000 5.011899 0.105571
19.500000 5.008482 0.107221
19.600000 5.006726 0.108467
19.700000 5.005761 0.108996
19.800000 5.005220 0.109041
19.900000 5.004888 0.108663
20.000000 5.004576 0.108223
20.100000 5.004305 0.107981
20.200000 5.003667 0.107707
20.300000 5.002667 0.107445
20.400000 5.001346 0.107053
20.500000 4.999544 0.106559
20.600000 4.996880 0.106021
20.700000 4.994077 0.105037
20.800000 4.991069 0.103584
20.900000 4.987878 0.101451
21.000000 4.984406 0.098858
21.100000 4.980753 0.096163
21.200000 4.976946 0.093214
21.300000 4.973044 0.090337
21.400000 4.968984 0.087745
21.500000 4.965053 0.085972
21.600000 4.961072 0.085516
21.700000 4.956895 0.085979
21.800000 4.952569 0.087399
21.900000 4.947783 0.089479
22.000000 4.942012 0.092322
22.100000 4.935187 0.095960
22.200000 4.927697 0.099723
22.300000 4.919255 0.103424
22.400000 4.910429 0.106892
22.500000 4.901308 0.110175
22.600000 4.891770 0.113353
22.700000 4.882086 0.116062
22.800000 4.872451 0.118447
22.900000 4.863149 0.120501
23.000000 4.854333 0.122309
23.100000 4.846007 0.123841
23.200000 4.837966 0.124625
23.300000 4.830468 0.124440
23.400000 4.823306 0.123116
23.500000 4.816880 0.120969
23.600000 4.812477 0.118392
23.700000 4.810041 0.115533
23.800000 4.809683 0.112920
23.900000 4.811571 0.110536
24.000000 4.816434 0.108537
24.100000 4.824510 0.107120
24.200000 4.833647 0.105878
24.300000 4.843591 0.104787
24.400000 4.852968 0.103871
24.500000 4.860564 0.103322
24.600000 4.864135 0.103128
24.700000 4.865330 0.102975
24.800000 4.863684 0.102621
24.900000 4.860203 0.101805
25.000000 4.855207 0.100606
25.100000 4.849921 0.099259
25.200000 4.844491 0.097684
25.300000 4.839508 0.096448
25.400000 4.834986 0.095989
25.500000 4.830791 0.097156
25.600000 4.826635 0.100432
25.700000 4.822420 0.105204
25.800000 4.818281 0.111033
25.900000 4.814437 0.117236
26.000000 4.811501 0.123584
26.100000 4.809625 0.129940
26.200000 4.808378 0.135826
26.300000 4.807291 0.141189
26.400000 4.805511 0.145946
26.500000 4.801753 0.149983
26.600000 4.795728 0.153234
26.700000 4.787998 0.155520
26.800000 4.778372 0.156831
26.900000 4.767609 0.157181
27.000000 4.755668 0.156566
27.100000 4.742665 0.155074
27.200000 4.730140 0.152838
27.300000 4.718263 0.150065
27.400000 4.707339 0.146762
27.500000 4.697997 0.143190
27.600000 4.690665 0.139645
27.700000 4.684373 0.136034
27.800000 4.679367 0.132596
27.900000 4.675272 0.129458
28.000000 4.672324 0.126850
28.100000 4.670141 0.125068
28.200000 4.667592 0.124010
28.300000 4.664584 0.123916
28.400000 4.660642 0.124719
28.500000 4.655287 0.126031
28.600000 4.648036 0.126944
28.700000 4.640342 0.126671
28.800000 4.632287 0.125289
28.900000 4.625175 0.123481
29.000000 4.620304 0.122180
29.100000 4.619371 0.121984
29.200000 4.621359 0.122247
29.300000 4.626736 0.122271
29.400000 4.634118 0.121811
29.500000 4.643351 0.120855
29.600000 4.653301 0.119686
29.700000 4.662053 0.118173
29.800000 4.668906 0.116538
29.900000 4.673757 0.115016
30.000000 4.675304 0.114157
30.100000 4.673663 0.114364
30.200000 4.670863 0.115176
30.300000 4.666746 0.116369
30.400000 4.662236 0.117523
30.500000 4.657948 0.118617
30.600000 4.654006 0.119604
30.700000 4.651121 0.120029
30.800000 4.649587 0.119726
30.900000 4.648659 0.118673
31.000000 4.649212 0.116986
31.100000 4.651516 0.114919
31.200000 4.653956 0.112607
31.300000 4.656845 0.110136
31.400000 4.660337 0.107728
31.500000 4.663103 0.105536
31.600000 4.664677 0.103789
31.700000 4.664850 0.102297
31.800000 4.663490 0.101356
31.900000 4.660686 0.100696
32.000000 4.656721 0.100528
32.100000 4.651353 0.100534
32.200000 4.646173 0.100352
32.300000 4.641260 0.100085
32.400000 4.636815 0.099859
32.500000 4.633271 0.099795
32.600000 4.630827 0.100180
32.700000 4.628807 0.100928
32.800000 4.626536 0.102027
32.900000 4.624014 0.103161
33.000000 4.620604 0.104429
33.100000 4.616141 0.105643
33.200000 4.610965 0.106169
33.300000 4.605419 0.105928
33.400000 4.599534 0.104882
33.500000 4.593409 0.103475
33.600000 4.586962 0.102195
33.700000 4.580312 0.100773
33.800000 4.573950 0.099639
33.900000 4.567671 0.098874
34.000000 4.562016 0.098733
34.100000 4.557326 0.099287
34.200000 4.553357 0.100367
34.300000 4.549571 0.101980
34.400000 4.546151 0.104125
34.500000 4.542388 0.106954
34.600000 4.538223 0.110763
34.700000 4.533684 0.115320
34.800000 4.528712 0.120489
34.900000 4.523234 0.126135
35.000000 4.516354 0.132059
35.100000 4.507017 0.137938
35.200000 4.496395 0.143429
35.300000 4.484932 0.148225
35.400000 4.472589 0.151797
35.500000 4.461173 0.153747
35.600000 4.452443 0.153916
35.700000 4.445493 0.152287
35.800000 4.440084 0.149439
35.900000 4.436557 0.145498
36.000000 4.434980 0.140773
36.100000 4.435001 0.135634
36.200000 4.435284 0.130492
36.300000 4.435299 0.125529
36.400000 4.434360 0.120990
36.500000 4.431254 0.117158
36.600000 4.425106 0.114246
36.700000 4.417709 0.111872
36.800000 4.409491 0.110253
36.900000 4.400779 0.109393
37.000000 4.391933 0.109233
37.100000 4.383179 0.109920
37.200000 4.374477 0.111160
37.300000 4.365868 0.112964
37.400000 4.358019 0.115116
37.500000 4.351334 0.117620
37.600000 4.346498 0.120360
37.700000 4.342946 0.123261
37.800000 4.341578 0.126191
37.900000 4.341832 0.129134
38.000000 4.344448 0.131889
38.100000 4.350453 0.134560
38.200000 4.358435 0.137166
38.300000 4.368354 0.139357
38.400000 4.379511 0.141074
38.500000 4.392359 0.142131
38.600000 4.406738 0.142459
38.700000 4.421793 0.142120
38.800000 4.436877 0.140999
38.900000 4.452159 0.139149
39.000000 4.467352 0.136694
39.100000 4.481532 0.133921
39.200000 4.495092 0.130718
39.300000 4.508136 0.127282
39.400000 4.520670 0.123671
39.500000 4.532405 0.120137
39.600000 4.543435 0.116891
39.700000 4.553815 0.113939
39.800000 4.563121 0.111415
39.900000 4.571544 0.109361
40.000000 4.578484 0.107921
40.100000 4.583533 0.107239
40.200000 4.587583 0.107028
40.300000 4.590477 0.107152
40.400000 4.592340 0.107326
40.500000 4.592915 0.107491
40.600000 4.592311 0.107661
40.700000 4.590909 0.107334
40.800000 4.589315 0.106634
40.900000 4.587507 0.105566
41.000000 4.585590 0.104430
41.100000 4.583579 0.103521
41.200000 4.581661 0.102788
41.300000 4.579992 0.102420
41.400000 4.578477 0.102458
41.500000 4.577470 0.103280
41.600000 4.577398 0.104982
41.700000 4.577888 0.107145
41.800000 4.578678 0.109639
41.900000 4.580034 0.112399
42.000000 4.581264 0.115173
42.100000 4.580762 0.117913
42.200000 4.579024 0.120698
42.300000 4.575874 0.123481
42.400000 4.571042 0.125985
42.500000 4.564530 0.128552
42.600000 4.556967 0.131246
42.700000 4.548832 0.133774
42.800000 4.539888 0.136071
42.900000 4.530594 0.138187
43.000000 4.520560 0.140092
43.100000 4.510210 0.141876
43.200000 4.500789 0.143236
43.300000 4.492209 0.144273
43.400000 4.484246 0.144845
43.500000 4.478051 0.144801
43.600000 4.474313 0.144215
43.700000 4.471580 0.143433
43.800000 4.469516 0.142700
43.900000 4.468538 0.142030
44.000000 4.469276 0.141295
44.100000 4.471436 0.140750
44.200000 4.473951 0.140540
44.300000 4.477795 0.140448
44.400000 4.482765 0.140373
44.500000 4.488254 0.140434
44.600000 4.494029 0.140448
44.700000 4.499699 0.140529
44.800000 4.505150 0.140602
44.900000 4.510064 0.140622
45.000000 4.514092 0.140624
45.100000 4.516989 0.140665
45.200000 4.519092 0.140630
45.300000 4.520490 0.140004
45.400000 4.521083 0.139180
45.500000 4.520415 0.138303
45.600000 4.518399 0.137150
45.700000 4.515654 0.135897
45.800000 4.512561 0.134415
45.900000 4.508915 0.132916
46.000000 4.504630 0.131277
46.100000 4.499711 0.129789
46.200000 4.494749 0.128434
46.300000 4.489544 0.127392
46.400000 4.484206 0.126647
46.500000 4.479188 0.126387
46.600000 4.474680 0.126826
46.700000 4.470463 0.127814
46.800000 4.465568 0.129276
46.900000 4.460226 0.131181
47.000000 4.454562 0.133758
47.100000 4.448328 0.136991
47.200000 4.442039 0.140480
47.300000 4.435753 0.144103
47.400000 4.429505 0.147862
47.500000 4.423358 0.151448
47.600000 4.417628 0.154876
47.700000 4.411932 0.158177
47.800000 4.407157 0.161189
47.900000 4.403240 0.163732
48.000000 4.400615 0.165824
48.100000 4.400152 0.167423
48.200000 4.400741 0.168580
48.300000 4.402146 0.169332
48.400000 4.404563 0.169553
48.500000 4.407868 0.169344
48.600000 4.411909 0.168834
48.700000 4.416635 0.167838
48.800000 4.421962 0.166528
48.900000 4.427845 0.164826
49.000000 4.434151 0.162673
49.100000 4.440448 0.160314
49.200000 4.446921 0.157845
49.300000 4.453393 0.155408
49.400000 4.459878 0.153098
49.500000 4.466277 0.150992
49.600000 4.472151 0.149081
49.700000 4.477590 0.147489
49.800000 4.482486 0.146260
49.900000 4.486870 0.145259
50.000000 4.490935 0.144575
50.100000 4.494514 0.144255
50.200000 4.497533 0.144179
50.300000 4.500136 0.144397
50.400000 4.502057 0.144764
50.500000 4.502900 0.145190
50.600000 4.503297 0.145523
50.700000 4.503034 0.145601
50.800000 4.501842 0.145557
50.900000 4.499849 0.145354
51.000000 4.497279 0.145013
51.100000 4.493529 0.144524
51.200000 4.489806 0.143810
51.300000 4.486126 0.142929
51.400000 4.481932 0.141909
51.500000 4.476484 0.140810
51.600000 4.469997 0.139613
51.700000 4.462712 0.138477
51.800000 4.454870 0.137239
51.900000 4.446972 0.135986
52.000000 4.438774 0.134861
52.100000 4.429883 0.133704
52.200000 4.420511 0.132393
52.300000 4.410819 0.131146
52.400000 4.401280 0.130005
52.500000 4.392492 0.129000
52.600000 4.384465 0.128211
52.700000 4.376993 0.127605
52.800000 4.370095 0.127086
52.900000 4.363640 0.126615
53.000000 4.357699 0.126294
53.100000 4.352670 0.126179
53.200000 4.348393 0.126140
53.300000 4.345062 0.126178
53.400000 4.342426 0.126175
53.500000 4.341130 0.126272
53.600000 4.341402 0.126520
53.700000 4.342361 0.126731
53.800000 4.343907 0.126849
53.900000 4.346340 0.126751
54.000000 4.349132 0.126577
54.100000 4.352658 0.126451
54.200000 4.356957 0.126154
54.300000 4.361575 0.125747
54.400000 4.366317 0.125213
54.500000 4.371395 0.124673
54.600000 4.376624 0.124298
54.700000 4.381794 0.123877
54.800000 4.387100 0.123412
54.900000 4.392291 0.122861
55.000000 4.397596 0.122238
55.100000 4.403142 0.121716
55.200000 4.408428 0.121127
55.300000 4.413984 0.120493
55.400000 4.419641 0.119834
55.500000 4.425735 0.119196
55.600000 4.432075 0.118772
55.700000 4.438794 0.118460
55.800000 4.445494 0.118208
55.900000 4.451986 0.117895
56.000000 4.457499 0.117636
56.100000 4.461221 0.117526
56.200000 4.463605 0.117521
56.300000 4.464100 0.117763
56.400000 4.462825 0.118101
56.500000 4.459437 0.118626
56.600000 4.453725 0.119469
56.700000 4.446680 0.120408
56.800000 4.438801 0.121369
56.900000 4.430314 0.122324
57.000000 4.421016 0.123223
57.100000 4.411345 0.124027
57.200000 4.401636 0.124816
57.300000 4.392101 0.125563
57.400000 4.382994 0.126297
57.500000 4.374306 0.127143
57.600000 4.366078 0.128173
57.700000 4.358203 0.129284
57.800000 4.350443 0.130343
57.900000 4.343052 0.131265
58.000000 4.336341 0.132263
58.100000 4.330336 0.133394
58.200000 4.324667 0.134440
58.300000 4.319081 0.135424
58.400000 4.313402 0.136286
58.500000 4.307817 0.137117
58.600000 4.302652 0.137976
58.700000 4.297683 0.138695
58.800000 4.293486 0.139178
58.900000 4.290158 0.139401
59.000000 4.288240 0.139443
59.100000 4.288367 0.139346
59.200000 4.289868 0.138967
59.300000 4.292643 0.138399
59.400000 4.296454 0.137621
59.500000 4.301441 0.136676
59.600000 4.307467 0.135696
59.700000 4.314161 0.134432
59.800000 4.321532 0.132972
59.900000 4.329232 0.131298
60.000000 4.337209 0.129645
60.100000 4.345153 0.128071
60.200000 4.353316 0.126414
60.300000 4.361417 0.124722
60.400000 4.369503 0.122984
60.500000 4.377564 0.121275
60.600000 4.385484 0.119745
60.700000 4.393351 0.118274
60.800000 4.401275 0.116837
60.900000 4.409228 0.115438
61.000000 4.417083 0.114215
61.100000 4.425028 0.113309
61.200000 4.432808 0.112522
61.300000 4.440501 0.111908
61.400000 4.448158 0.111411
61.500000 4.455984 0.111266
61.600000 4.464084 0.111394
61.700000 4.472336 0.111638
61.800000 4.480667 0.112054
61.900000 4.489359 0.112540
62.000000 4.498838 0.113116
62.100000 4.509125 0.113707
62.200000 4.520153 0.114323
62.300000 4.531916 0.114824
62.400000 4.544387 0.115058
62.500000 4.556731 0.115088
62.600000 4.569082 0.114912
62.700000 4.581052 0.114486
62.800000 4.592801 0.113828
62.900000 4.603557 0.112904
63.000000 4.613458 0.111652
63.100000 4.622575 0.110385
63.200000 4.630923 0.109164
63.300000 4.638510 0.108085
63.400000 4.645278 0.106996
63.500000 4.651057 0.106021
63.600000 4.655430 0.105338
63.700000 4.659014 0.104696
63.800000 4.661867 0.104059
63.900000 4.664349 0.103520
64.000000 4.666163 0.103147
64.100000 4.667023 0.102836
64.200000 4.667242 0.102480
64.300000 4.666637 0.102100
64.400000 4.665238 0.101659
64.500000 4.663423 0.101332
64.600000 4.661214 0.101122
64.700000 4.658789 0.100986
64.800000 4.656487 0.100973
64.900000 4.654340 0.100952
65.000000 4.652167 0.101073
65.100000 4.649901 0.101395
65.200000 4.647687 0.101610
65.300000 4.645109 0.101701
65.400000 4.642695 0.101648
65.500000 4.639867 0.101375
65.600000 4.636828 0.101227
65.700000 4.633734 0.100985
65.800000 4.630291 0.100684
65.900000 4.626848 0.100313
66.000000 4.623688 0.100038
66.100000 4.620527 0.099867
66.200000 4.617725 0.099647
66.300000 4.615388 0.099344
66.400000 4.613087 0.098923
66.500000 4.610844 0.098628
66.600000 4.608836 0.098358
66.700000 4.606685 0.098164
66.800000 4.604615 0.098042
66.900000 4.602444 0.097964
67.000000 4.600147 0.098130
67.100000 4.597727 0.098738
67.200000 4.595151 0.099529
67.300000 4.592043 0.100599
67.400000 4.588488 0.101879
67.500000 4.584743 0.103537
67.600000 4.580275 0.105533
67.700000 4.575428 0.107804
67.800000 4.570233 0.110348
67.900000 4.564681 0.113121
68.000000 4.558406 0.116260
68.100000 4.551570 0.119822
68.200000 4.544351 0.123570
68.300000 4.536954 0.127613
68.400000 4.529333 0.131880
68.500000 4.521170 0.136394
68.600000 4.512367 0.141203
68.700000 4.503138 0.146062
68.800000 4.493463 0.151003
68.900000 4.483492 0.155960
69.000000 4.473082 0.160927
69.100000 4.461903 0.165909
69.200000 4.450377 0.170799
69.300000 4.438424 0.175482
69.400000 4.426403 0.179960
69.500000 4.414375 0.184235
69.600000 4.402390 0.188331
69.700000 4.390478 0.192122
69.800000 4.378798 0.195520
69.900000 4.367249 0.198500
70.000000 4.356083 0.201076
70.100000 4.345471 0.203279
70.200000 4.335198 0.205098
70.300000 4.325250 0.206572
70.400000 4.315604 0.207694
70.500000 4.306430 0.208520
70.600000 4.297821 0.209096
70.700000 4.289480 0.209334
70.800000 4.281310 0.209283
70.900000 4.273405 0.208938
71.000000 4.265814 0.208320
71.100000 4.258503 0.207440
71.200000 4.251350 0.206312
71.300000 4.244624 0.204954
71.400000 4.238357 0.203359
71.500000 4.233015 0.201573
71.600000 4.229199 0.199624
71.700000 4.226350 0.197541
71.800000 4.224817 0.195400
71.900000 4.224283 0.193210
72.000000 4.225178 0.191011
72.100000 4.228024 0.188763
72.200000 4.232279 0.186381
72.300000 4.237335 0.184020
72.400000 4.242947 0.181641
72.500000 4.248537 0.179303
72.600000 4.253837 0.177045
72.700000 4.258790 0.174831
72.800000 4.262890 0.172734
72.900000 4.265977 0.170746
73.000000 4.267453 0.168920
73.100000 4.266383 0.167362
73.200000 4.263520 0.165915
73.300000 4.259190 0.164629
73.400000 4.253748 0.163422
73.500000 4.247000 0.162338
73.600000 4.238571 0.161399
73.700000 4.229007 0.160494
73.800000 4.218294 0.159698
73.900000 4.206697 0.158922
74.000000 4.193756 0.158297
74.100000 4.179170 0.157921
74.200000 4.163502 0.157612
74.300000 4.146895 0.157272
74.400000 4.129298 0.156900
74.500000 4.110480 0.156375
74.600000 4.090660 0.155677
74.700000 4.070515 0.154811
74.800000 4.050121 0.153730
74.900000 4.029858 0.152465
75.000000 4.010669 0.150903
75.100000 3.993300 0.148989
75.200000 3.977471 0.146934
75.300000 3.963710 0.144860
75.400000 3.951764 0.142914
75.500000 3.942820 0.141125
75.600000 3.937850 0.139587
75.700000 3.935304 0.138185
75.800000 3.935231 0.136928
75.900000 3.936977 0.135774
76.000000 3.940917 0.134765
76.100000 3.947332 0.133980
76.200000 3.955098 0.133147
76.300000 3.964080 0.132352
76.400000 3.974089 0.131452
76.500000 3.985237 0.130547
76.600000 3.997361 0.129670
76.700000 4.010073 0.128628
76.800000 4.022995 0.127380
76.900000 4.036316 0.125939
77.000000 4.049227 0.124256
77.100000 4.061198 0.122405
77.200000 4.072463 0.120504
77.300000 4.082927 0.118577
77.400000 4.092425 0.116717
77.500000 4.100234 0.115055
77.600000 4.106141 0.113675
77.700000 4.110757 0.112343
77.800000 4.114182 0.111189
77.900000 4.116424 0.110168
78.000000 4.117479 0.109411
78.100000 4.116895 0.109012
78.200000 4.115292 0.108787
78.300000 4.112767 0.108710
78.400000 4.109691 0.108716
78.500000 4.105771 0.108975
78.600000 4.100980 0.109455
78.700000 4.095802 0.109950
78.800000 4.089844 0.110536
78.900000 4.083333 0.111138
79.000000 4.076943 0.111768
79.100000 4.070734 0.112555
79.200000 4.064315 0.113342
79.300000 4.057985 0.114083
79.400000 4.051934 0.114714
79.500000 4.046119 0.115301
79.600000 4.040637 0.115915
79.700000 4.035484 0.116473
79.800000 4.030721 0.116980
79.900000 4.026005 0.117466
80.000000 4.021325 0.118043
80.100000 4.016633 0.118809
80.200000 4.012106 0.119553
80.300000 4.007623 0.120238
80.400000 4.003243 0.120838
80.500000 3.998592 0.121363
80.600000 3.993976 0.121984
80.700000 3.989295 0.122508
80.800000 3.984610 0.122999
80.900000 3.979585 0.123346
81.000000 3.974219 0.123717
81.100000 3.968222 0.124105
81.200000 3.961754 0.124319
81.300000 3.954895 0.124435
81.400000 3.948144 0.124470
81.500000 3.941464 0.124506
81.600000 3.934461 0.124730
81.700000 3.927318 0.124996
81.800000 3.919962 0.125276
81.900000 3.912410 0.125358
82.000000 3.904452 0.125235
82.100000 3.896399 0.125249
82.200000 3.888636 0.125235
82.300000 3.881105 0.125137
82.400000 3.873640 0.124957
82.500000 3.866177 0.124774
82.600000 3.859046 0.124651
82.700000 3.851952 0.124547
82.800000 3.844950 0.124490
82.900000 3.837828 0.124454
83.000000 3.831149 0.124584
83.100000 3.824675 0.124901
83.200000 3.818182 0.125210
83.300000 3.811229 0.125531
83.400000 3.804307 0.125837
83.500000 3.797418 0.126157
83.600000 3.790438 0.126613
83.700000 3.783267 0.126960
83.800000 3.776252 0.127278
83.900000 3.769038 0.127474
84.000000 3.761138 0.127672
84.100000 3.752617 0.127980
84.200000 3.743676 0.128243
84.300000 3.733976 0.128447
84.400000 3.723804 0.128517
84.500000 3.713232 0.128566
84.600000 3.702077 0.128534
84.700000 3.691002 0.128172
84.800000 3.680489 0.127548
84.900000 3.670792 0.126661
85.000000 3.662935 0.125617
85.100000 3.657712 0.124644
85.200000 3.654474 0.123714
85.300000 3.653946 0.122731
85.400000 3.655480 0.121770
85.500000 3.659546 0.120994
85.600000 3.667258 0.120500
85.700000 3.677352 0.120132
85.800000 3.689859 0.119872
85.900000 3.704191 0.119664
86.000000 3.720939 0.119402
86.100000 3.740146 0.119231
86.200000 3.760489 0.119275
86.300000 3.781540 0.119443
86.400000 3.803524 0.119386
86.500000 3.826385 0.119305
86.600000 3.849650 0.119172
86.700000 3.872517 0.118826
86.800000 3.894904 0.118429
86.900000 3.916697 0.118146
87.000000 3.937336 0.118081
87.100000 3.956674 0.118377
87.200000 3.975526 0.118819
87.300000 3.993896 0.119455
87.400000 4.011734 0.120198
87.500000 4.029138 0.121171
87.600000 4.046109 0.122406
87.700000 4.062640 0.123614
87.800000 4.078705 0.124855
87.900000 4.094413 0.125909
88.000000 4.109750 0.126790
88.100000 4.124327 0.127461
88.200000 4.138457 0.127879
88.300000 4.151972 0.128070
88.400000 4.164405 0.128033
88.500000 4.175096 0.127917
88.600000 4.183888 0.127954
88.700000 4.191246 0.127860
88.800000 4.197174 0.127762
88.900000 4.201765 0.127615
89.000000 4.204208 0.127451
89.100000 4.204081 0.127473
89.200000 4.202122 0.127492
89.300000 4.198242 0.127511
89.400000 4.193313 0.127448
89.500000 4.187015 0.127348
89.600000 4.178839 0.127306
89.700000 4.169813 0.127215
89.800000 4.159925 0.127043
89.900000 4.149651 0.126739
90.000000 4.138772 0.126385
90.100000 4.127342 0.126066
90.200000 4.115923 0.125608
90.300000 4.104238 0.125001
90.400000 4.092201 0.124170
90.500000 4.080041 0.123246
90.600000 4.067943 0.122319
90.700000 4.055982 0.121380
90.800000 4.044370 0.120413
90.900000 4.033057 0.119424
91.000000 4.022291 0.118515
91.100000 4.012109 0.117713
91.200000 4.002320 0.116889
91.300000 3.992768 0.115984
91.400000 3.983320 0.115025
91.500000 3.974707 0.113994
91.600000 3.967149 0.112972
91.700000 3.960284 0.111908
91.800000 3.954162 0.110884
91.900000 3.948815 0.109816
92.000000 3.944441 0.108736
92.100000 3.941081 0.107994
92.200000 3.938326 0.107334
92.300000 3.936540 0.106781
92.400000 3.935432 0.106333
92.500000 3.934682 0.106033
92.600000 3.934452 0.105892
92.700000 3.934437 0.105747
92.800000 3.934641 0.105558
92.900000 3.934688 0.105321
93.000000 3.934631 0.105127
93.100000 3.934578 0.105115
93.200000 3.934184 0.105082
93.300000 3.933349 0.105146
93.400000 3.932670 0.105113
93.500000 3.931584 0.105106
93.600000 3.929475 0.105320
93.700000 3.926795 0.105577
93.800000 3.923429 0.105911
93.900000 3.919324 0.106298
94.000000 3.914581 0.106719
94.100000 3.908932 0.107260
94.200000 3.903069 0.107836
94.300000 3.896633 0.108433
94.400000 3.889667 0.108958
94.500000 3.882053 0.109554
94.600000 3.874536 0.110124
94.700000 3.866860 0.110618
94.800000 3.859325 0.111038
94.900000 3.851704 0.111436
95.000000 3.843727 0.111971
95.100000 3.834989 0.112804
95.200000 3.826054 0.113576
95.300000 3.816710 0.114227
95.400000 3.807166 0.114715
95.500000 3.797636 0.115111
95.600000 3.788037 0.115301
95.700000 3.778324 0.115319
95.800000 3.768684 0.115181
95.900000 3.759207 0.114768
96.000000 3.750373 0.114181
96.100000 3.742187 0.113652
96.200000 3.734429 0.113053
96.300000 3.727397 0.112403
96.400000 3.720997 0.111612
96.500000 3.715248 0.110848
96.600000 3.710540 0.110209
96.700000 3.706419 0.109537
96.800000 3.702930 0.108883
96.900000 3.700074 0.108171
97.000000 3.697974 0.107509
97.100000 3.696588 0.106995
97.200000 3.695836 0.106492
97.300000 3.695490 0.106067
97.400000 3.695414 0.105656
97.500000 3.695769 0.105386
97.600000 3.697423 0.105196
97.700000 3.699097 0.104992
97.800000 3.701304 0.104642
97.900000 3.703918 0.104231
98.000000 3.706943 0.103753
98.100000 3.709681 0.103406
98.200000 3.712754 0.102953
98.300000 3.715655 0.102504
98.400000 3.718216 0.102133
98.500000 3.720382 0.101893
98.600000 3.722544 0.101739
98.700000 3.724769 0.101528
98.800000 3.727137 0.101301
98.900000 3.729723 0.100981
99.000000 3.732247 0.100761
99.100000 3.734097 0.100878
99.200000 3.735488 0.101063
99.300000 3.736347 0.101337
99.400000 3.736428 0.101476
99.500000 3.735631 0.101701
99.600000 3.733994 0.102095
99.700000 3.732072 0.102470
99.800000 3.729675 0.102813
99.900000 3.727247 0.103124
100.000000 3.724986 0.103478
100.100000 3.723081 0.104073
100.200000 3.721063 0.104731
100.300000 3.719164 0.105486
100.400000 3.717580 0.106266
100.500000 3.716517 0.107111
100.600000 3.715959 0.108202
100.700000 3.715857 0.109417
100.800000 3.716301 0.110659
100.900000 3.717124 0.111917
101.000000 3.718625 0.113394
101.100000 3.720796 0.115117
101.200000 3.723304 0.116926
101.300000 3.726161 0.118741
101.400000 3.729292 0.120579
101.500000 3.732644 0.122506
101.600000 3.736089 0.124571
101.700000 3.739745 0.126659
101.800000 3.743520 0.128791
101.900000 3.746980 0.130989
102.000000 3.750121 0.133329
102.100000 3.753343 0.135891
102.200000 3.756534 0.138529
102.300000 3.759733 0.141181
102.400000 3.763033 0.143789
102.500000 3.765914 0.146469
102.600000 3.768110 0.149272
102.700000 3.769701 0.152059
102.800000 3.770882 0.154848
102.900000 3.771910 0.157611
103.000000 3.772643 0.160309
103.100000 3.773534 0.162988
103.200000 3.774302 0.165559
103.300000 3.775082 0.168017
103.400000 3.776191 0.170320
103.500000 3.777959 0.172406
103.600000 3.780259 0.174342
103.700000 3.783593 0.176039
103.800000 3.787631 0.177590
103.900000 3.792389 0.178949
104.000000 3.798674 0.180124
104.100000 3.806652 0.180909
104.200000 3.816081 0.181329
104.300000 3.826740 0.181473
104.400000 3.837961 0.181196
104.500000 3.849801 0.180362
104.600000 3.862574 0.178569
104.700000 3.874953 0.176232
104.800000 3.887107 0.173318
104.900000 3.898753 0.169981
105.000000 3.908975 0.166366
105.100000 3.917657 0.162578
105.200000 3.924782 0.158702
105.300000 3.930465 0.154942
105.400000 3.935207 0.151208
105.500000 3.938727 0.147528
105.600000 3.940203 0.144076
105.700000 3.941152 0.140662
105.800000 3.941277 0.137392
105.900000 3.940645 0.134220
106.000000 3.939392 0.131318
106.100000 3.937714 0.128814
106.200000 3.935580 0.126595
106.300000 3.933103 0.124732
106.400000 3.930484 0.123197
106.500000 3.927535 0.122130
106.600000 3.924073 0.121674
106.700000 3.920323 0.121624
106.800000 3.916324 0.121963
106.900000 3.912143 0.122622
107.000000 3.908075 0.123668
107.100000 3.903992 0.125155
107.200000 3.900578 0.126759
107.300000 3.898015 0.128484
107.400000 3.896445 0.130365
107.500000 3.896060 0.132456
107.600000 3.897300 0.134823
107.700000 3.899960 0.137224
107.800000 3.904238 0.139637
107.900000 3.909975 0.142030
108.000000 3.917925 0.144359
108.100000 3.928177 0.146521
108.200000 3.939467 0.148373
108.300000 3.951857 0.149959
108.400000 3.964850 0.151313
108.500000 3.978531 0.152451
108.600000 3.993371 0.153114
108.700000 4.008503 0.153480
108.800000 4.023737 0.153507
108.900000 4.038842 0.153189
109.000000 4.053346 0.152601
109.100000 4.067199 0.151717
109.200000 4.080053 0.150633
109.300000 4.091894 0.149352
109.400000 4.102657 0.147867
109.500000 4.111761 0.146257
109.600000 4.118923 0.144822
109.700000 4.124984 0.143407
109.800000 4.129524 0.141994
109.900000 4.132692 0.140611
110.000000 4.134623 0.139282
110.100000 4.134939 0.138112
110.200000 4.134396 0.136963
110.300000 4.132531 0.135825
110.400000 4.130135 0.134591
110.500000 4.126948 0.133299
110.600000 4.122588 0.132007
110.700000 4.117924 0.130577
110.800000 4.113401 0.129053
110.900000 4.108798 0.127468
111.000000 4.104036 0.125913
111.100000 4.099181 0.124471
111.200000 4.094461 0.122973
111.300000 4.090091 0.121493
111.400000 4.085861 0.120034
111.500000 4.081377 0.118665
111.600000 4.076733 0.117416
111.700000 4.071516 0.116088
111.800000 4.065671 0.114822
111.900000 4.059401 0.113605
112.000000 4.052877 0.112624
112.100000 4.045991 0.111936
112.200000 4.038630 0.111357
112.300000 4.030633 0.110896
112.400000 4.022085 0.110515
112.500000 4.012852 0.110212
112.600000 4.002670 0.110027
112.700000 3.992225 0.109929
112.800000 3.981696 0.109904
112.900000 3.971223 0.109872
113.000000 3.960772 0.109870
113.100000 3.950213 0.110035
113.200000 3.939704 0.110262
113.300000 3.929205 0.110599
113.400000 3.918781 0.111042
113.500000 3.908506 0.111648
113.600000 3.898505 0.112545
113.700000 3.888438 0.113468
113.800000 3.878416 0.114419
113.900000 3.868507 0.115356
114.000000 3.858575 0.116429
114.100000 3.848673 0.117680
114.200000 3.838967 0.118857
114.300000 3.829375 0.120000
114.400000 3.819896 0.120970
114.500000 3.810855 0.121809
114.600000 3.802374 0.122573
114.700000 3.794382 0.123165
114.800000 3.786911 0.123595
114.900000 3.779860 0.123791
115.000000 3.773416 0.123920
115.100000 3.767847 0.124112
115.200000 3.762753 0.124232
115.300000 3.757998 0.124337
115.400000 3.753453 0.124375
115.500000 3.749204 0.124436
115.600000 3.745362 0.124635
115.700000 3.741885 0.124782
115.800000 3.738792 0.124910
115.900000 3.735866 0.125023
116.000000 3.732861 0.125230
116.100000 3.729512 0.125590
116.200000 3.725756 0.125948
116.300000 3.721805 0.126361
116.400000 3.717585 0.126765
116.500000 3.712897 0.127167
116.600000 3.707709 0.127632
116.700000 3.702192 0.128051
116.800000 3.696195 0.128432
116.900000 3.689844 0.128748
117.000000 3.683174 0.129084
117.100000 3.676275 0.129487
117.200000 3.669135 0.129824
117.300000 3.661433 0.130028
117.400000 3.653350 0.130057
117.500000 3.644999 0.130086
117.600000 3.635942 0.130092
117.700000 3.626643 0.130092
117.800000 3.617150 0.130236
117.900000 3.607491 0.130498
118.000000 3.597295 0.130785
118.100000 3.586723 0.131136
118.200000 3.575764 0.131608
118.300000 3.564419 0.132166
118.400000 3.552639 0.132751
118.500000 3.540646 0.133253
118.600000 3.528121 0.133700
118.700000 3.515405 0.134013
118.800000 3.502496 0.134126
118.900000 3.489325 0.134056
119.000000 3.475907 0.133862
119.100000 3.462304 0.133390
119.200000 3.448445 0.132679
119.300000 3.434737 0.131792
119.400000 3.421410 0.130865
119.500000 3.408228 0.129843
119.600000 3.395339 0.128807
119.700000 3.382720 0.127692
119.800000 3.370193 0.126529
119.900000 3.357945 0.125250
120.000000 3.345988 0.123944
120.100000 3.334507 0.122812
120.200000 3.323414 0.121763
120.300000 3.312767 0.120854
120.400000 3.302391 0.119925
120.500000 3.292306 0.119081
120.600000 3.282577 0.118415
120.700000 3.272886 0.117697
120.800000 3.263260 0.116966
120.900000 3.253735 0.116128
121.000000 3.244553 0.115301
121.100000 3.235817 0.114589
121.200000 3.227428 0.113981
121.300000 3.219373 0.113427
121.400000 3.211581 0.112869
121.500000 3.204227 0.112502
121.600000 3.197253 0.112283
121.700000 3.190587 0.112039
121.800000 3.184246 0.111861
121.900000 3.177976 0.111694
122.000000 3.171815 0.111504
122.100000 3.165980 0.111428
122.200000 3.160290 0.111367
122.300000 3.154770 0.111344
122.400000 3.149638 0.111171
122.500000 3.144689 0.110985
122.600000 3.139618 0.111060
122.700000 3.134568 0.111127
122.800000 3.129625 0.111143
122.900000 3.124614 0.111139
123.000000 3.119916 0.111206
123.100000 3.115790 0.111267
123.200000 3.111911 0.111316
123.300000 3.108229 0.111335
123.400000 3.104840 0.111279
123.500000 3.101625 0.111261
123.600000 3.098560 0.111355
123.700000 3.095649 0.111444
123.800000 3.092817 0.111552
123.900000 3.089840 0.111655
124.000000 3.086732 0.111914
124.100000 3.083556 0.112420
124.200000 3.080330 0.112906
124.300000 3.077073 0.113420
124.400000 3.073921 0.113853
124.500000 3.070726 0.114290
124.600000 3.067476 0.114823
124.700000 3.064226 0.115269
124.800000 3.061039 0.115623
124.900000 3.057852 0.115868
125.000000 3.054743 0.116084
125.100000 3.051696 0.116290
125.200000 3.048656 0.116370
125.300000 3.045557 0.116402
125.400000 3.042514 0.116382
125.500000 3.039673 0.116402
125.600000 3.037046 0.116590
125.700000 3.034477 0.116787
125.800000 3.031972 0.116913
125.900000 3.029589 0.116955
126.000000 3.027348 0.117053
126.100000 3.025392 0.117221
126.200000 3.023756 0.117410
126.300000 3.022301 0.117622
126.400000 3.020981 0.117734
126.500000 3.019947 0.117849
126.600000 3.019200 0.118149
126.700000 3.018601 0.118387
126.800000 3.018329 0.118694
126.900000 3.018348 0.119002
127.000000 3.018859 0.119320
127.100000 3.020208 0.119738
127.200000 3.021762 0.120169
127.300000 3.023569 0.120632
127.400000 3.026015 0.121106
127.500000 3.029483 0.121669
127.600000 3.033943 0.122379
127.700000 3.039320 0.123136
127.800000 3.045550 0.123922
127.900000 3.052221 0.124665
128.000000 3.059324 0.125383
128.100000 3.066966 0.126127
128.200000 3.075240 0.126737
128.300000 3.084395 0.127219
128.400000 3.094139 0.127654
128.500000 3.104893 0.128248
128.600000 3.116678 0.128961
128.700000 3.128948 0.129731
128.800000 3.142413 0.130511
128.900000 3.156951 0.131435
129.000000 3.172655 0.132524
129.100000 3.190114 0.133611
129.200000 3.208434 0.134677
129.300000 3.227485 0.135562
129.400000 3.246962 0.136332
129.500000 3.267068 0.136758
129.600000 3.287958 0.136756
129.700000 3.309361 0.136432
129.800000 3.330732 0.135699
129.900000 3.351622 0.134773
130.000000 3.371900 0.133865
130.100000 3.391584 0.132938
130.200000 3.410775 0.132014
130.300000 3.429465 0.131197
130.400000 3.447909 0.130448
130.500000 3.466095 0.129976
130.600000 3.484077 0.129943
130.700000 3.502107 0.130093
130.800000 3.520304 0.130411
130.900000 3.538928 0.130792
131.000000 3.558229 0.131230
131.100000 3.578350 0.131691
131.200000 3.599002 0.132020
131.300000 3.620062 0.132202
131.400000 3.641382 0.132217
131.500000 3.662815 0.132014
131.600000 3.684307 0.131558
131.700000 3.705863 0.130915
131.800000 3.727427 0.130034
131.900000 3.748943 0.128938
132.000000 3.770123 0.127638
132.100000 3.790846 0.126187
132.200000 3.811199 0.124633
132.300000 3.831320 0.123089
132.400000 3.851278 0.121564
132.500000 3.871312 0.120351
132.600000 3.891757 0.119607
132.700000 3.912801 0.119018
132.800000 3.934559 0.118596
132.900000 3.957270 0.118237
133.000000 3.981761 0.118029
133.100000 4.008771 0.118026
133.200000 4.037205 0.118031
133.300000 4.067238 0.117756
133.400000 4.098386 0.117162
133.500000 4.130367 0.116165
133.600000 4.162785 0.114909
133.700000 4.195079 0.113505
133.800000 4.227167 0.112004
133.900000 4.258844 0.110322
134.000000 4.289650 0.108759
134.100000 4.318706 0.107351
134.200000 4.346901 0.106044
134.300000 4.374216 0.104999
134.400000 4.400979 0.104116
134.500000 4.427756 0.103564
134.600000 4.454961 0.103478
134.700000 4.482973 0.103626
134.800000 4.512276 0.103994
134.900000 4.542908 0.104468
135.000000 4.575400 0.105105
135.100000 4.609733 0.105817
135.200000 4.644750 0.106518
135.300000 4.680125 0.107185
135.400000 4.715091 0.107803
135.500000 4.748704 0.108273
135.600000 4.780836 0.108838
135.700000 4.811446 0.109374
135.800000 4.839447 0.109434
135.900000 4.865280 0.109120
136.000000 4.887654 0.108470
136.100000 4.905844 0.107889
136.200000 4.920956 0.107203
136.300000 4.932993 0.106557
136.400000 4.942604 0.106091
136.500000 4.949774 0.106049
136.600000 4.954005 0.106510
136.700000 4.957529 0.107041
136.800000 4.960827 0.107608
136.900000 4.964353 0.108160
137.000000 4.967994 0.108810
137.100000 4.971910 0.109629
137.200000 4.975245 0.110395
137.300000 4.977558 0.111231
137.400000 4.978551 0.112150
137.500000 4.977798 0.113330
137.600000 4.974818 0.114776
137.700000 4.971015 0.116189
137.800000 4.966544 0.117550
137.900000 4.961855 0.118742
138.000000 4.956996 0.119891
138.100000 4.952013 0.121135
138.200000 4.947026 0.122257
138.300000 4.942300 0.123281
138.400000 4.937831 0.124178
138.500000 4.933854 0.125033
138.600000 4.930446 0.126011
138.700000 4.927513 0.126906
138.800000 4.924848 0.127721
138.900000 4.922407 0.128450
139.000000 4.919979 0.129217
139.100000 4.917631 0.130082
139.200000 4.915071 0.130847
139.300000 4.912259 0.131604
139.400000 4.908934 0.132232
139.500000 4.905199 0.132858
139.600000 4.900762 0.133584
139.700000 4.896061 0.134279
139.800000 4.891098 0.134913
139.900000 4.886221 0.135450
140.000000 4.881123 0.135935
140.100000 4.875732 0.136421
140.200000 4.870044 0.136779
140.300000 4.864373 0.137043
140.400000 4.858654 0.137159
140.500000 4.853052 0.137159
140.600000 4.847810 0.137169
140.700000 4.842848 0.137162
140.800000 4.838115 0.137075
140.900000 4.833535 0.136896
141.000000 4.829333 0.136756
141.100000 4.825550 0.136697
141.200000 4.822010 0.136590
141.300000 4.818638 0.136420
141.400000 4.815462 0.136230
141.500000 4.812498 0.136066
141.600000 4.809790 0.135942
141.700000 4.807252 0.135815
141.800000 4.804856 0.135672
141.900000 4.802559 0.135498
142.000000 4.800380 0.135339
142.100000 4.798376 0.135293
142.200000 4.796425 0.135181
142.300000 4.794552 0.135078
142.400000 4.792754 0.134996
142.500000 4.791036 0.134972
142.600000 4.789381 0.135000
142.700000 4.787776 0.135019
142.800000 4.786239 0.135095
142.900000 4.784744 0.135160
143.000000 4.783299 0.135266
143.100000 4.781918 0.135525
143.200000 4.780597 0.135881
143.300000 4.779306 0.136261
143.400000 4.778042 0.136662
143.500000 4.776803 0.137116
143.600000 4.775591 0.137621
143.700000 4.774410 0.138163
143.800000 4.773263 0.138833
143.900000 4.772137 0.139540
144.000000 4.771051 0.140333
144.100000 4.770019 0.141324
144.200000 4.768994 0.142335
144.300000 4.767985 0.143403
144.400000 4.766999 0.144545
144.500000 4.766018 0.145714
144.600000 4.765041 0.146943
144.700000 4.764077 0.148269
144.800000 4.763122 0.149632
144.900000 4.762171 0.151003
145.000000 4.761229 0.152419
145.100000 4.760295 0.153855
145.200000 4.759366 0.155302
145.300000 4.758444 0.156766
145.400000 4.757523 0.158227
145.500000 4.756604 0.159678
145.600000 4.755693 0.161165
145.700000 4.754783 0.162655
145.800000 4.753876 0.164137
145.900000 4.752969 0.165612
146.000000 4.752064 0.167079
146.100000 4.751161 0.168542
146.200000 4.750263 0.170029
146.300000 4.749369 0.171523
146.400000 4.748476 0.173009
146.500000 4.747585 0.174489
146.600000 4.746695 0.175960
146.700000 4.745806 0.177424
146.800000 4.744919 0.178880
146.900000 4.744034 0.180336
147.000000 4.743152 0.181799
147.100000 4.742271 0.183253
147.200000 4.741392 0.184699
147.300000 4.740514 0.186137
147.400000 4.739637 0.187566
147.500000 4.738762 0.188987
147.600000 4.737889 0.190398
147.700000 4.737016 0.191801
147.800000 4.736145 0.193194
147.900000 4.735276 0.194579
148.000000 4.734408 0.195954
148.100000 4.733542 0.197320
148.200000 4.732676 0.198677
148.300000 4.731813 0.200024
148.400000 4.730950 0.201362
148.500000 4.730089 0.202691
148.600000 4.729230 0.204010
148.700000 4.728372 0.205320
148.800000 4.727515 0.206620
148.900000 4.726660 0.207911
149.000000 4.725806 0.209192
149.100000 4.724953 0.210464
149.200000 4.724102 0.211726
149.300000 4.723252 0.212979
149.400000 4.722404 0.214223
149.500000 4.721557 0.215458
149.600000 4.720711 0.216683
149.700000 4.719867 0.217899
149.800000 4.719024 0.219106
149.900000 4.718183 0.220304
150.000000 4.717343 0.221492
