depth(m) lower_95(kyr) lower_68(kyr) median(kyr) mean(kyr) upper_68(kyr) upper_95(kyr)
0.000000 0.032774 0.196765 0.474324 0.470528 0.718630 0.956210
0.040000 0.135934 0.317634 0.574979 0.571240 0.807868 1.041708
0.120000 0.338269 0.548772 0.760597 0.763487 0.992761 1.182826
0.200000 0.566306 0.750822 0.953545 0.956144 1.160774 1.338087
0.245000 0.713445 0.880350 1.069048 1.076438 1.265822 1.440478
0.322500 0.912888 1.110905 1.321849 1.328663 1.543803 1.779261
0.400000 1.153223 1.353236 1.578773 1.584708 1.812856 2.074793
0.545000 1.624184 1.831134 2.048482 2.057202 2.276306 2.524548
0.600000 1.771438 1.996903 2.257132 2.262263 2.524847 2.820419
0.733333 2.081425 2.407511 2.747702 2.755778 3.114707 3.460025
0.866667 2.481545 2.874881 3.238032 3.222753 3.582374 3.887223
1.000000 3.162463 3.433893 3.727337 3.715156 3.966371 4.191994
1.045000 3.351385 3.623625 3.878775 3.865804 4.094199 4.316269
1.122500 3.575344 3.829914 4.084969 4.074189 4.314301 4.522447
1.200000 3.800485 4.020808 4.289660 4.275409 4.514685 4.743906
1.300000 4.039561 4.286185 4.536176 4.523997 4.765459 4.959369
1.400000 4.298981 4.559526 4.767847 4.764193 4.977614 5.167821
1.545000 4.805783 4.951358 5.121998 5.118659 5.280945 5.448955
1.600000 4.929052 5.102825 5.301233 5.307262 5.502473 5.754008
1.700000 5.209426 5.421073 5.671294 5.676643 5.936128 6.197866
1.800000 5.607416 5.832981 6.069360 6.066177 6.293466 6.512266
1.845000 5.858887 6.052170 6.244743 6.246347 6.441022 6.640064
1.922500 6.096037 6.323680 6.523761 6.523251 6.718466 6.953526
2.000000 6.386592 6.592325 6.791028 6.788254 6.994163 7.167272
2.045000 6.551073 6.753656 6.944223 6.945559 7.144578 7.289751
2.122500 6.826949 7.053157 7.277146 7.274759 7.499052 7.705179
2.200000 7.209577 7.423119 7.621143 7.617602 7.818610 8.028038
2.245000 7.466200 7.632554 7.808868 7.812345 7.990461 8.179447
2.322500 7.635919 7.847588 8.061247 8.072322 8.307069 8.587406
2.400000 7.826121 8.039915 8.301471 8.323498 8.607424 8.928511
2.500000 8.071881 8.332711 8.645928 8.657548 9.004581 9.301383
2.600000 8.332653 8.688967 9.013325 9.010337 9.342842 9.662576
2.700000 8.730948 9.020903 9.351185 9.349021 9.665824 9.981669
2.800000 9.174142 9.432672 9.691641 9.699694 9.959158 10.276240
2.845000 9.394236 9.615382 9.855991 9.870932 10.109885 10.450467
2.922500 9.746206 10.049263 10.366220 10.394130 10.776451 11.088026
3.000000 10.310765 10.583947 10.930728 10.907676 11.213748 11.434096
3.045000 10.591612 10.893848 11.209680 11.163429 11.397202 11.594895
3.100000 10.784841 11.075483 11.358245 11.324797 11.554328 11.734387
3.200000 11.059023 11.355926 11.590152 11.568860 11.777739 11.978652
3.300000 11.318136 11.588135 11.801252 11.790434 11.989714 12.166680
3.400000 11.552697 11.802624 11.997296 11.991176 12.175274 12.339191
3.500000 11.810727 12.026125 12.203882 12.195944 12.377600 12.508765
3.545000 11.933565 12.132713 12.307382 12.299154 12.475463 12.605911
3.600000 12.050210 12.262205 12.435485 12.431884 12.615792 12.777878
3.700000 12.289030 12.472526 12.654042 12.668113 12.850061 13.128286
3.800000 12.494380 12.680650 12.866107 12.889506 13.099489 13.445040
3.900000 12.706919 12.882527 13.054324 13.095730 13.309841 13.707597
4.000000 12.904486 13.075841 13.251564 13.294100 13.531520 13.929511
4.040000 12.990753 13.158456 13.341314 13.388174 13.637573 14.024786
4.080000 13.074437 13.243522 13.429862 13.484796 13.762702 14.133489
4.100000 13.117661 13.291253 13.474106 13.536988 13.820064 14.186158
4.120000 13.168377 13.343114 13.531870 13.588174 13.869367 14.252060
4.160000 13.255271 13.440259 13.637717 13.689705 13.976956 14.327221
4.200000 13.337584 13.544960 13.732375 13.786262 14.073985 14.412503
4.240000 13.451007 13.638697 13.840842 13.888776 14.179935 14.505766
4.280000 13.543643 13.734197 13.949745 13.996054 14.292990 14.623935
4.300000 13.599113 13.788175 14.025332 14.057802 14.351376 14.669624
4.320000 13.662300 13.863782 14.099649 14.128347 14.416152 14.712604
4.360000 13.815755 14.021879 14.274359 14.296870 14.581181 14.822769
4.400000 13.942108 14.188645 14.457772 14.451725 14.707502 14.916087
4.440000 14.191554 14.407681 14.654499 14.639101 14.871212 15.021179
4.480000 14.401422 14.605048 14.828580 14.810392 15.001079 15.152528
4.500000 14.477699 14.706815 14.907005 14.888712 15.059386 15.214849
4.520000 14.570022 14.794230 14.984269 14.967919 15.120972 15.285011
4.560000 14.868339 15.026004 15.137833 15.135528 15.239508 15.425882
4.585000 14.989624 15.123161 15.218513 15.223625 15.314569 15.512309
4.595000 15.019854 15.156405 15.245996 15.253461 15.341641 15.547510
4.600000 15.036170 15.170538 15.258244 15.267356 15.358353 15.568421
4.640000 15.154357 15.257850 15.344820 15.357971 15.457001 15.664387
4.680000 15.239896 15.346164 15.438200 15.452531 15.555655 15.766009
4.700000 15.299457 15.397057 15.485072 15.503656 15.603574 15.822294
4.720000 15.348097 15.447097 15.535346 15.554866 15.656442 15.880517
4.760000 15.451984 15.537192 15.629835 15.650241 15.758707 15.978906
4.800000 15.541686 15.628317 15.713992 15.739966 15.850825 16.076090
4.810000 15.568737 15.653379 15.735759 15.764259 15.877408 16.103711
4.840000 15.634000 15.711471 15.798500 15.827870 15.941899 16.175226
4.880000 15.713921 15.792703 15.877871 15.907546 16.018971 16.270402
4.900000 15.743003 15.833517 15.918310 15.950424 16.070128 16.340051
4.920000 15.785373 15.873968 15.961102 15.993656 16.118350 16.366397
4.960000 15.866912 15.950000 16.035823 16.074337 16.227271 16.450709
5.000000 15.939593 16.025209 16.112866 16.153940 16.328266 16.527299
5.040000 16.008001 16.097701 16.188975 16.232167 16.415167 16.630920
5.080000 16.077536 16.171818 16.260435 16.310884 16.514503 16.710232
5.100000 16.118951 16.210993 16.299197 16.351743 16.561894 16.756867
5.120000 16.151894 16.249035 16.338741 16.392728 16.608815 16.799907
5.160000 16.230115 16.323029 16.414258 16.468363 16.690513 16.875031
5.200000 16.307078 16.389229 16.484006 16.542618 16.787230 16.945570
5.240000 16.375162 16.462004 16.557615 16.617011 16.876460 17.025104
5.280000 16.449926 16.535390 16.633299 16.692587 16.961058 17.094055
5.300000 16.487195 16.574399 16.670269 16.732865 17.009836 17.130892
5.320000 16.532468 16.612320 16.712067 16.774746 17.052883 17.180651
5.360000 16.612064 16.687368 16.788282 16.853241 17.136748 17.245760
5.385000 16.655697 16.736845 16.839055 16.904115 17.191411 17.283329
5.395000 16.678551 16.757908 16.863841 16.926783 17.211472 17.302882
5.400000 16.697598 16.770151 16.874061 16.938547 17.225171 17.311587
5.440000 16.761848 16.845853 16.964758 17.028482 17.306170 17.392493
5.480000 16.833019 16.917477 17.056485 17.114614 17.384725 17.462178
5.500000 16.871821 16.955220 17.100578 17.159776 17.421865 17.503082
5.520000 16.912246 16.996767 17.148732 17.205398 17.463503 17.554656
5.560000 16.998322 17.067455 17.254532 17.290478 17.534645 17.682146
5.600000 17.072218 17.134269 17.350058 17.374237 17.604462 17.784886
5.605000 17.083337 17.146698 17.363760 17.386441 17.615285 17.795368
5.640000 17.134565 17.213507 17.465285 17.467193 17.688971 17.879380
5.680000 17.207783 17.289368 17.590418 17.560555 17.778471 18.013237
5.700000 17.243928 17.330135 17.656953 17.608945 17.823711 18.060522
5.720000 17.280779 17.373084 17.717054 17.657997 17.870505 18.106954
5.760000 17.344112 17.449581 17.800591 17.747977 17.971651 18.206030
5.800000 17.430717 17.536638 17.876489 17.837817 18.082501 18.323853
5.840000 17.499296 17.618498 17.954204 17.925724 18.188130 18.417060
5.880000 17.576198 17.701815 18.031166 18.012901 18.286089 18.508884
5.900000 17.610170 17.744546 18.073210 18.058497 18.327651 18.541466
5.920000 17.649754 17.789606 18.117985 18.104413 18.367806 18.588783
5.960000 17.728414 17.878889 18.202947 18.188316 18.451144 18.667428
6.000000 17.816897 17.967011 18.286790 18.272687 18.536880 18.741662
6.040000 17.906831 18.058700 18.362406 18.352660 18.611432 18.801881
6.080000 17.972518 18.156320 18.446196 18.435201 18.689572 18.885747
6.120000 18.051210 18.234963 18.530155 18.514142 18.756765 18.954116
6.160000 18.130563 18.327132 18.614517 18.591886 18.832226 19.027079
6.200000 18.210326 18.408697 18.703031 18.674070 18.905372 19.097618
6.240000 18.296064 18.500661 18.800811 18.755011 18.971531 19.171629
6.280000 18.380645 18.586090 18.884093 18.833639 19.041398 19.237174
6.320000 18.482641 18.674273 18.966142 18.913586 19.115469 19.307777
6.360000 18.570075 18.748988 19.051145 18.992800 19.190737 19.366711
6.400000 18.649077 18.826878 19.132206 19.073939 19.266487 19.456482
6.405000 18.659960 18.840229 19.146582 19.085489 19.275948 19.467123
6.440000 18.739344 18.926103 19.215794 19.163028 19.354387 19.527011
6.480000 18.824662 19.023691 19.298626 19.252855 19.429563 19.594208
6.520000 18.927347 19.129290 19.376462 19.344848 19.516378 19.673112
6.560000 18.992423 19.243394 19.459629 19.436205 19.600442 19.777400
6.585000 19.055734 19.312747 19.518200 19.498027 19.664589 19.829800
6.600000 19.082888 19.356803 19.554999 19.537812 19.700163 19.915530
6.640000 19.167830 19.469401 19.650166 19.640639 19.815290 20.057053
6.680000 19.257098 19.571613 19.735342 19.739205 19.920434 20.227768
6.720000 19.357260 19.658115 19.818681 19.838768 20.032872 20.416142
6.760000 19.439119 19.743867 19.901307 19.936118 20.164889 20.578698
6.810000 19.548055 19.842744 20.016125 20.058706 20.323788 20.762209
6.840000 19.625587 19.904996 20.083995 20.133817 20.417026 20.845078
6.880000 19.730735 19.985655 20.171506 20.232400 20.531352 20.965016
6.920000 19.826566 20.075689 20.257033 20.329853 20.640987 21.097410
6.960000 19.912908 20.158791 20.347884 20.427397 20.747771 21.190315
7.000000 20.030747 20.243421 20.445202 20.525074 20.860049 21.302559
7.040000 20.113539 20.333570 20.546542 20.630085 20.981987 21.408265
7.080000 20.227112 20.429501 20.668970 20.739445 21.105561 21.494189
7.120000 20.335488 20.532181 20.793950 20.851665 21.222339 21.572788
7.160000 20.424930 20.651270 20.922227 20.971901 21.348584 21.665675
7.200000 20.518528 20.758671 21.044589 21.085771 21.455203 21.774471
7.240000 20.635171 20.887093 21.170712 21.209870 21.559328 21.857708
7.280000 20.751674 21.009723 21.320220 21.335634 21.674154 21.945384
7.320000 20.850744 21.151791 21.459060 21.464172 21.785938 22.038974
7.360000 20.951606 21.281248 21.611105 21.588637 21.906073 22.118447
7.400000 21.064185 21.407064 21.744230 21.711468 22.023918 22.194437
7.405000 21.079367 21.425700 21.760353 21.725411 22.036953 22.204165
7.440000 21.193646 21.513810 21.845622 21.812182 22.115295 22.289008
7.480000 21.285533 21.615981 21.948250 21.912969 22.218379 22.379699
7.520000 21.393272 21.724093 22.037682 22.011471 22.294954 22.462894
7.560000 21.489446 21.839961 22.129495 22.110213 22.383387 22.548392
7.600000 21.595299 21.948106 22.228348 22.208158 22.465354 22.634243
7.640000 21.675282 22.064301 22.320768 22.300923 22.551034 22.715854
7.680000 21.807084 22.173293 22.423041 22.399944 22.633445 22.818758
7.720000 21.930250 22.267255 22.516330 22.492146 22.717522 22.905802
7.760000 22.072965 22.367397 22.606973 22.582777 22.801510 22.989900
7.840000 22.315101 22.544160 22.768287 22.753115 22.956720 23.133282
7.880000 22.445103 22.655828 22.858218 22.850437 23.055480 23.218296
7.900000 22.517815 22.716886 22.911839 22.902219 23.102351 23.263805
7.920000 22.568032 22.766986 22.957300 22.951755 23.144718 23.308226
7.960000 22.667995 22.874598 23.050874 23.046698 23.225294 23.371690
8.000000 22.764464 22.964110 23.140028 23.136793 23.307493 23.438804
8.040000 22.865963 23.055017 23.228484 23.224610 23.395020 23.534665
8.080000 22.961727 23.142359 23.315836 23.309987 23.480552 23.635146
8.100000 23.001097 23.187586 23.365215 23.354534 23.521233 23.679651
8.120000 23.048531 23.235269 23.410540 23.400623 23.569357 23.718621
8.160000 23.162301 23.317933 23.498381 23.487257 23.655056 23.794403
8.200000 23.247577 23.409904 23.584847 23.573668 23.733538 23.873038
8.240000 23.327902 23.492865 23.669700 23.657700 23.812915 23.950510
8.280000 23.433555 23.574112 23.748614 23.740548 23.895300 24.041676
8.320000 23.526290 23.656175 23.827602 23.822476 23.981976 24.117327
8.360000 23.611849 23.731002 23.908621 23.904307 24.065602 24.205758
8.415000 23.728420 23.845700 24.018127 24.015315 24.173706 24.327487
8.440000 23.775405 23.898453 24.072972 24.068743 24.226871 24.374321
8.480000 23.847859 23.979751 24.154162 24.152089 24.313279 24.477469
8.520000 23.921888 24.058256 24.240538 24.234558 24.394983 24.567091
8.560000 24.006041 24.137892 24.319244 24.317990 24.481147 24.662690
8.600000 24.082686 24.214226 24.404929 24.400238 24.564655 24.757839
8.640000 24.158598 24.297987 24.480932 24.481291 24.647881 24.840201
8.680000 24.235332 24.381108 24.567194 24.564819 24.728982 24.940586
8.720000 24.321910 24.461380 24.642343 24.642673 24.805840 25.011383
8.760000 24.403334 24.539905 24.726999 24.723345 24.882542 25.101726
8.840000 24.529634 24.694527 24.880123 24.871399 25.026893 25.250059
8.880000 24.614431 24.774574 24.956852 24.951429 25.104997 25.328807
8.920000 24.696669 24.855842 25.044973 25.034673 25.184240 25.403838
8.960000 24.772838 24.948448 25.130491 25.121171 25.264158 25.500780
9.000000 24.858719 25.038645 25.217277 25.205009 25.349315 25.587079
9.040000 24.953366 25.126935 25.302023 25.291226 25.433731 25.654622
9.080000 25.047858 25.229894 25.387860 25.380641 25.516824 25.729913
9.120000 25.136970 25.328282 25.474558 25.468585 25.596041 25.798866
9.160000 25.238488 25.431358 25.565226 25.562031 25.679156 25.870834
9.185000 25.302419 25.501276 25.625907 25.624341 25.744558 25.921609
9.215000 25.379753 25.567372 25.691774 25.693790 25.814241 25.996334
9.240000 25.427417 25.627254 25.747054 25.755669 25.889663 26.097126
9.280000 25.499427 25.713247 25.832792 25.849410 26.002724 26.217400
9.320000 25.590058 25.795929 25.921072 25.945550 26.125335 26.351913
9.360000 25.661415 25.881753 26.007590 26.045138 26.242768 26.523088
9.400000 25.760704 25.961787 26.097885 26.143826 26.365414 26.659921
9.440000 25.843499 26.046545 26.197575 26.239649 26.473672 26.779506
9.480000 25.924112 26.129969 26.293283 26.334905 26.577487 26.858024
9.520000 26.045631 26.221124 26.382058 26.430581 26.692565 26.966179
9.560000 26.136360 26.303659 26.486481 26.528903 26.791003 27.052357
9.600000 26.230858 26.394071 26.588259 26.633058 26.907321 27.162952
9.640000 26.325599 26.489089 26.704286 26.741382 27.035511 27.276821
9.680000 26.433228 26.598654 26.825229 26.854849 27.155806 27.365540
9.720000 26.529272 26.706097 26.948961 26.975925 27.284246 27.453441
9.760000 26.624002 26.816642 27.073121 27.092128 27.398627 27.578036
9.800000 26.716841 26.928129 27.193931 27.207096 27.500183 27.697229
9.840000 26.840103 27.050488 27.315299 27.322341 27.600551 27.786193
9.960000 27.219376 27.421243 27.676027 27.653650 27.884308 27.999203
10.000000 27.369167 27.566880 27.802815 27.777209 27.981062 28.094694
10.040000 27.494907 27.702015 27.917895 27.893191 28.076149 28.173092
10.080000 27.630311 27.828099 28.035848 28.004890 28.159732 28.250896
10.120000 27.762144 27.957197 28.143629 28.113512 28.250296 28.335349
10.160000 27.897012 28.082288 28.244727 28.216475 28.339370 28.424189
10.195000 28.001567 28.193347 28.331168 28.306508 28.421932 28.497625
10.200000 28.014775 28.207996 28.344041 28.319369 28.433804 28.510920
10.240000 28.102078 28.304113 28.428675 28.408050 28.515925 28.601790
10.280000 28.193277 28.387701 28.507705 28.491211 28.596045 28.691770
10.360000 28.374886 28.541974 28.651017 28.638613 28.742044 28.832292
10.400000 28.464649 28.619336 28.728598 28.719195 28.823178 28.911210
10.440000 28.552047 28.702940 28.810773 28.801665 28.900151 28.989262
10.480000 28.647631 28.782986 28.890001 28.881740 28.980294 29.066108
10.520000 28.735897 28.855453 28.970896 28.962067 29.062096 29.140970
10.560000 28.820575 28.927701 29.050770 29.040882 29.144507 29.229114
10.600000 28.902959 29.002228 29.133699 29.120513 29.218893 29.317408
10.640000 28.970278 29.078981 29.212675 29.199595 29.297474 29.398359
10.680000 29.035961 29.143153 29.296405 29.278663 29.374598 29.486967
10.720000 29.111356 29.226198 29.377579 29.360184 29.455653 29.581870
10.760000 29.184476 29.292592 29.464060 29.443532 29.536009 29.680333
10.785000 29.230400 29.345467 29.520941 29.497965 29.588481 29.727461
10.795000 29.253483 29.368991 29.544281 29.522934 29.614672 29.756399
10.800000 29.264280 29.385162 29.558143 29.536721 29.628963 29.767239
10.840000 29.340295 29.503769 29.642791 29.641322 29.754272 29.977279
10.880000 29.417228 29.602259 29.732878 29.747627 29.894039 30.199981
10.920000 29.493243 29.694678 29.822599 29.857438 30.022424 30.398104
10.960000 29.578103 29.780781 29.915345 29.963327 30.152337 30.591394
11.000000 29.662917 29.863470 30.006264 30.068223 30.282003 30.796166
11.040000 29.747761 29.948155 30.104401 30.180381 30.428004 30.966608
11.080000 29.825132 30.027785 30.212528 30.291745 30.576693 31.128409
11.120000 29.917033 30.133077 30.330757 30.412897 30.725223 31.274160
11.160000 30.007389 30.219148 30.464791 30.532622 30.885096 31.413309
11.200000 30.104252 30.316973 30.592872 30.659533 31.036790 31.521689
11.240000 30.177169 30.411434 30.747925 30.795984 31.196262 31.607790
11.280000 30.276072 30.526792 30.883385 30.929416 31.371590 31.717181
11.320000 30.387672 30.644694 31.025544 31.062741 31.504203 31.829627
11.360000 30.477948 30.748794 31.206477 31.198752 31.634854 31.928463
11.400000 30.559624 30.877542 31.348335 31.335651 31.773913 32.043298
11.440000 30.669034 31.024491 31.500675 31.471458 31.899044 32.143770
11.480000 30.779367 31.178224 31.635593 31.606262 32.021779 32.244051
11.520000 30.869543 31.347763 31.774042 31.739584 32.133225 32.332917
11.560000 30.994491 31.495545 31.914501 31.868515 32.234920 32.422935
11.600000 31.093570 31.665021 32.047479 31.994406 32.335031 32.511927
11.640000 31.196854 31.845897 32.174130 32.122056 32.439197 32.627296
11.680000 31.345008 31.988610 32.296966 32.248418 32.537906 32.728737
11.720000 31.463027 32.128301 32.426425 32.367614 32.628443 32.829731
11.750000 31.572785 32.230843 32.518796 32.460274 32.705526 32.921756
11.760000 31.618253 32.259708 32.555196 32.491308 32.726427 32.945969
11.800000 31.809644 32.372047 32.667523 32.602925 32.815589 33.025435
11.840000 32.054872 32.504983 32.773890 32.715972 32.907070 33.133428
11.880000 32.302200 32.636524 32.867308 32.830417 33.000602 33.256112
11.920000 32.489719 32.775254 32.969840 32.945596 33.087613 33.357143
11.960000 32.648423 32.926532 33.064998 33.058985 33.179426 33.451912
11.995000 32.775010 33.049109 33.159066 33.164490 33.288150 33.534843
12.000000 32.799873 33.059114 33.173396 33.180049 33.308114 33.557340
12.030000 32.947036 33.158839 33.259694 33.277802 33.423120 33.668473
12.040000 32.978591 33.184633 33.296126 33.309921 33.465036 33.705257
12.080000 33.091717 33.295314 33.412189 33.440207 33.607816 33.847809
12.120000 33.191355 33.394417 33.535481 33.561552 33.755124 33.981519
12.160000 33.293087 33.488579 33.652323 33.675814 33.885377 34.120214
12.200000 33.409523 33.586448 33.775773 33.799308 34.037862 34.277175
12.240000 33.505509 33.677057 33.890664 33.920051 34.183529 34.432473
12.280000 33.621294 33.765830 34.011296 34.039485 34.331104 34.611651
12.320000 33.695434 33.866233 34.114126 34.152786 34.461979 34.750095
12.360000 33.806349 33.966344 34.241906 34.275692 34.615712 34.869406
12.400000 33.887275 34.068515 34.370840 34.396610 34.741962 34.989704
12.440000 34.010129 34.179078 34.513646 34.526979 34.882979 35.125466
12.480000 34.102945 34.294949 34.652082 34.657012 35.021599 35.253689
12.500000 34.155349 34.359347 34.723344 34.724781 35.087208 35.323701
12.520000 34.220856 34.435544 34.800271 34.793834 35.153331 35.372937
12.560000 34.367637 34.605122 34.962042 34.947675 35.272147 35.528166
12.600000 34.527555 34.808976 35.129649 35.111703 35.395228 35.652533
12.640000 34.740321 35.023968 35.288469 35.273368 35.506005 35.757248
12.670000 34.829238 35.148624 35.397724 35.381521 35.591839 35.847940
12.680000 34.870988 35.183296 35.424933 35.414877 35.619656 35.883874
12.700000 34.933770 35.265853 35.490475 35.477344 35.670132 35.932760
12.720000 35.006780 35.331277 35.553689 35.537084 35.714412 35.996826
12.760000 35.172770 35.469496 35.672715 35.653340 35.819673 36.080590
12.795000 35.281925 35.579010 35.774900 35.757480 35.926866 36.146445
12.800000 35.295089 35.593593 35.788091 35.773794 35.943105 36.159619
12.830000 35.492043 35.706279 35.886379 35.879328 36.061870 36.249102
12.840000 35.511658 35.746568 35.916777 35.915156 36.095518 36.274962
12.880000 35.640235 35.868158 36.045432 36.056905 36.264287 36.446025
12.920000 35.770856 36.002801 36.179172 36.191715 36.403206 36.601306
12.960000 35.904044 36.122418 36.326295 36.325500 36.532920 36.719431
13.000000 36.034518 36.234310 36.465780 36.464096 36.684557 36.884403
13.040000 36.163708 36.366686 36.614310 36.607094 36.834929 37.067350
13.080000 36.261892 36.503098 36.761213 36.756015 36.991671 37.260094
13.120000 36.363043 36.621663 36.896380 36.891212 37.141698 37.410172
13.160000 36.484560 36.766640 37.029591 37.028561 37.284708 37.552872
13.200000 36.583671 36.930288 37.165435 37.171059 37.441238 37.727076
13.240000 36.707328 37.063176 37.309193 37.309661 37.573011 37.865572
13.280000 36.882070 37.193393 37.439615 37.450106 37.717853 37.985884
13.320000 37.032592 37.348143 37.578951 37.594029 37.872193 38.145659
13.360000 37.136816 37.497007 37.719461 37.739146 38.038008 38.291002
13.400000 37.242013 37.625549 37.848572 37.874707 38.170342 38.415978
13.405000 37.267529 37.642981 37.869327 37.892292 38.194870 38.433078
13.440000 37.434754 37.756804 38.005098 38.021938 38.310990 38.546919
13.480000 37.590091 37.885396 38.186690 38.177005 38.458923 38.666923
13.510000 37.725389 38.005882 38.317359 38.296456 38.576525 38.795202
13.520000 37.782091 38.045819 38.359979 38.338578 38.619044 38.831578
13.560000 37.991766 38.251032 38.567560 38.545299 38.812085 39.034523
13.600000 38.128170 38.513760 38.815021 38.783497 39.044485 39.267605
13.615000 38.192797 38.585845 38.875174 38.851021 39.118531 39.341755
13.640000 38.293319 38.683756 38.978390 38.953062 39.216810 39.455791
13.680000 38.513766 38.883393 39.141866 39.126143 39.363239 39.631099
13.720000 38.737999 39.062121 39.303235 39.296749 39.537474 39.805970
13.760000 38.957485 39.256150 39.464260 39.467127 39.693493 39.943983
13.785000 39.100669 39.361304 39.555389 39.566629 39.802196 40.035713
13.800000 39.172099 39.408883 39.609806 39.620687 39.855119 40.102521
13.840000 39.283364 39.545368 39.737432 39.751308 39.979468 40.210685
13.880000 39.435927 39.670277 39.883294 39.882341 40.103112 40.323057
13.920000 39.596061 39.780875 39.993765 40.003014 40.221675 40.459240
13.960000 39.694907 39.901780 40.122205 40.122176 40.338909 40.581029
14.000000 39.821395 40.018444 40.237932 40.241452 40.459603 40.684840
14.040000 39.952570 40.133153 40.360877 40.358763 40.577287 40.812788
14.080000 40.077906 40.246122 40.481419 40.480798 40.701072 40.935096
14.120000 40.171703 40.374278 40.597066 40.604454 40.831726 41.064405
14.160000 40.280895 40.489054 40.724670 40.726226 40.961371 41.201674
14.200000 40.410731 40.608165 40.851883 40.851824 41.086208 41.334005
14.240000 40.518959 40.734243 40.972775 40.979538 41.216847 41.477024
14.280000 40.619931 40.860764 41.101910 41.105360 41.346604 41.624548
14.320000 40.766316 40.986370 41.229977 41.236912 41.492130 41.766666
14.360000 40.860551 41.111348 41.361012 41.367011 41.625181 41.913659
14.390000 40.948704 41.211254 41.464682 41.468334 41.725418 41.999965
14.400000 40.977253 41.254220 41.498655 41.505654 41.762899 42.045389
14.440000 41.102193 41.421993 41.663688 41.662016 41.924633 42.169181
14.480000 41.260868 41.563218 41.822051 41.824010 42.081022 42.361206
14.520000 41.450627 41.705470 41.965764 41.977723 42.253799 42.532714
14.560000 41.586335 41.879417 42.133829 42.141083 42.410201 42.682600
14.600000 41.732605 42.038193 42.309466 42.301589 42.566010 42.860466
14.640000 41.926828 42.222906 42.480804 42.481342 42.739671 43.059355
14.680000 42.158330 42.418971 42.659632 42.668133 42.906330 43.245357
14.720000 42.369285 42.609277 42.828780 42.846587 43.065712 43.456326
14.740000 42.488410 42.698852 42.922484 42.936472 43.155645 43.554491
14.760000 42.583100 42.789687 43.012113 43.031782 43.247876 43.657963
14.800000 42.792852 43.017541 43.254690 43.295324 43.561811 44.109798
14.815000 42.858286 43.088385 43.319641 43.370404 43.637313 44.205938
14.830000 42.918205 43.151414 43.392497 43.444042 43.718172 44.276240
14.840000 42.970703 43.192753 43.445931 43.493336 43.786649 44.312757
14.880000 43.130061 43.376270 43.689157 43.734933 44.108594 44.612221
14.920000 43.274378 43.581359 43.952407 44.003950 44.453202 45.023432
14.960000 43.425213 43.773675 44.242109 44.262331 44.750316 45.316579
15.000000 43.590623 43.996936 44.508138 44.528357 45.027164 45.608488
15.040000 43.766394 44.314829 44.801379 44.806957 45.309587 45.895331
15.080000 44.008546 44.550152 45.076458 45.069519 45.576729 46.114686
15.120000 44.234456 44.822524 45.331717 45.337626 45.847074 46.408983
15.160000 44.467027 45.083150 45.627868 45.605487 46.124306 46.632994
15.200000 44.749844 45.374713 45.882582 45.881828 46.385120 46.889490
15.240000 45.127953 45.652633 46.147280 46.156639 46.660151 47.196818
15.280000 45.467341 45.921989 46.387159 46.412663 46.944793 47.487803
15.320000 45.771466 46.169651 46.578375 46.659571 47.243091 47.778430
15.350000 45.936461 46.319660 46.706000 46.823045 47.455365 47.904900
15.360000 45.980777 46.368395 46.744007 46.866444 47.508669 47.929553
15.400000 46.169294 46.564349 46.909768 47.036841 47.691684 48.089813
15.405000 46.185606 46.578943 46.930567 47.057772 47.714215 48.115540
15.440000 46.333510 46.727610 47.076697 47.199036 47.852640 48.243258
15.460000 46.416543 46.805950 47.157028 47.278008 47.915842 48.315015
15.480000 46.485247 46.875210 47.253274 47.357473 47.987813 48.425288
15.520000 46.685479 47.011988 47.446934 47.523155 48.131095 48.587022
15.560000 46.806948 47.123198 47.599813 47.677739 48.281167 48.802760
15.600000 46.909496 47.225998 47.784662 47.833735 48.431197 49.023220
15.640000 47.053035 47.345449 47.960486 48.003335 48.600376 49.273269
15.680000 47.150566 47.459413 48.156954 48.174372 48.823753 49.550527
15.720000 47.261717 47.570237 48.354763 48.343241 49.063432 49.726039
15.760000 47.333579 47.684562 48.551463 48.518102 49.258864 50.029740
15.800000 47.467655 47.819524 48.724712 48.689981 49.435897 50.316397
15.815000 47.529425 47.870672 48.790902 48.753763 49.515497 50.403395
15.840000 47.642263 47.982542 48.897630 48.865623 49.654078 50.520815
15.880000 47.765988 48.154885 49.101128 49.057162 49.857616 50.647290
15.920000 47.890618 48.380633 49.289161 49.250596 50.029033 50.824396
15.960000 48.039656 48.541327 49.489459 49.446940 50.216228 51.074481
15.980000 48.101986 48.637669 49.575152 49.535849 50.301331 51.148376
16.000000 48.173282 48.737253 49.665934 49.625707 50.370907 51.218358
16.040000 48.385895 49.000322 49.837302 49.819223 50.541620 51.357637
16.080000 48.543161 49.208889 50.026354 50.005531 50.745935 51.546955
16.120000 48.683410 49.421379 50.202425 50.190255 50.913459 51.754615
16.160000 48.815430 49.635881 50.375165 50.374993 51.115308 51.902573
16.200000 49.046805 49.831367 50.540014 50.554661 51.304861 52.034254
16.240000 49.322385 50.022387 50.721291 50.737653 51.470627 52.181125
16.280000 49.546394 50.246305 50.905609 50.930017 51.645346 52.346176
16.320000 49.730890 50.469169 51.090968 51.134266 51.839523 52.569272
16.360000 49.962691 50.677035 51.280161 51.337871 52.027356 52.788363
16.400000 50.185936 50.883928 51.533081 51.558253 52.279227 52.980850
16.440000 50.421320 51.136749 51.771935 51.784617 52.469763 53.160406
16.480000 50.643565 51.359222 52.013362 52.018027 52.669735 53.378993
16.520000 50.866505 51.580980 52.275268 52.253543 52.871102 53.569425
16.560000 51.159294 51.828262 52.507374 52.474260 53.071144 53.779281
16.600000 51.389412 52.052878 52.730295 52.692005 53.298745 53.950237
16.640000 51.672012 52.275857 52.938630 52.901827 53.482038 54.145506
16.720000 52.173491 52.814883 53.389743 53.369801 53.932925 54.495371
16.760000 52.356036 53.038298 53.614033 53.580571 54.116310 54.667109
16.800000 52.619660 53.226328 53.822804 53.787169 54.327839 54.806376
16.840000 52.823166 53.458350 54.026653 54.000690 54.529895 54.963057
16.880000 53.100719 53.673710 54.251605 54.202599 54.710169 55.102279
16.920000 53.331336 53.935755 54.452247 54.410051 54.866153 55.266228
16.960000 53.604109 54.193492 54.674094 54.619758 55.041573 55.406070
17.000000 53.923550 54.445222 54.870175 54.831784 55.217441 55.533421
17.040000 54.281006 54.728022 55.079051 55.059835 55.408416 55.670115
17.080000 54.578603 55.011090 55.293765 55.275597 55.578108 55.790706
17.120000 55.138938 55.235187 55.506409 55.508029 55.771627 55.932290
17.125900 55.168569 55.263889 55.533269 55.536917 55.799881 55.952244
17.160000 55.282570 55.438596 55.712336 55.717490 55.990695 56.174185
17.200000 55.419937 55.611066 55.932423 55.932625 56.222263 56.594966
17.240000 55.549338 55.798173 56.142878 56.152366 56.492502 56.859503
17.270000 55.645946 55.942509 56.309694 56.316475 56.686272 57.086986
17.300000 55.750199 56.084171 56.474881 56.486354 56.892235 57.260667
17.330000 55.871149 56.236176 56.659795 56.658943 57.083594 57.504169
17.360000 56.013314 56.392846 56.838330 56.829787 57.256653 57.655506
17.400000 56.168057 56.615755 57.090242 57.077420 57.533721 57.948476
17.440000 56.370435 56.845322 57.379941 57.338991 57.810024 58.171378
17.470000 56.562706 57.035620 57.574169 57.532766 57.987929 58.397302
17.500000 56.712061 57.199728 57.753458 57.711445 58.178107 58.581617
17.530000 56.903283 57.405569 57.930119 57.891358 58.340621 58.789992
17.570000 57.207824 57.702512 58.184018 58.149035 58.574303 58.985478
17.600000 57.426838 57.903107 58.365820 58.329874 58.734789 59.108623
17.640000 57.737980 58.205663 58.587277 58.576213 58.977242 59.263784
17.680000 58.187977 58.489950 58.826551 58.831614 59.219287 59.398206
17.720000 58.499234 58.750933 59.044102 59.067452 59.423546 59.551129
17.758700 58.860504 58.953746 59.227530 59.288915 59.595290 59.687533
17.760000 58.864926 58.960374 59.237064 59.295584 59.602210 59.692971
17.800000 58.996355 59.162434 59.545962 59.508891 59.810455 60.068993
17.830000 59.093398 59.306054 59.706245 59.676433 60.010994 60.353299
17.860000 59.199254 59.443984 59.856776 59.840883 60.213157 60.571874
17.900000 59.333315 59.604525 60.056151 60.046113 60.424926 60.873343
17.930000 59.432264 59.730745 60.215228 60.201348 60.617335 61.028386
17.970000 59.568833 59.950837 60.420934 60.421826 60.877873 61.346828
18.000000 59.674138 60.088370 60.603545 60.583517 61.037915 61.572577
18.030000 59.780674 60.227087 60.763609 60.750179 61.222636 61.775453
18.060000 59.877157 60.360111 60.929043 60.913929 61.394719 61.934697
18.100000 60.032998 60.539355 61.110254 61.115253 61.619201 62.235035
18.130000 60.145190 60.674545 61.264057 61.267330 61.814587 62.499107
18.170000 60.309775 60.855600 61.466116 61.477133 62.051726 62.910598
18.200000 60.416724 60.975254 61.612939 61.633544 62.226957 63.140349
18.230000 60.538332 61.115395 61.769818 61.792686 62.389335 63.444951
18.270000 60.717658 61.255896 61.944479 61.993920 62.633254 63.768241
18.300000 60.879273 61.388132 62.087965 62.150447 62.839543 63.969177
18.330000 61.016842 61.545559 62.223752 62.324369 63.076183 64.236486
18.370000 61.182126 61.714153 62.462539 62.554348 63.320472 64.685089
18.400000 61.327802 61.867103 62.629472 62.727773 63.512207 64.915901
18.440000 61.469656 62.091723 62.919125 62.979106 63.817884 65.144944
18.480000 61.659320 62.282037 63.174672 63.228744 64.133757 65.359765
18.520000 61.829597 62.450644 63.379375 63.450579 64.380738 65.546910
18.560000 61.979035 62.664026 63.623187 63.678370 64.683545 65.810618
18.600000 62.132808 62.819111 63.853452 63.896875 64.986182 65.973841
18.640000 62.262496 62.997936 64.048055 64.104219 65.247640 66.263231
18.680000 62.392434 63.153155 64.268782 64.318626 65.525638 66.512862
18.720000 62.576591 63.300908 64.488557 64.523659 65.754383 66.684434
18.760000 62.734206 63.493337 64.743835 64.735765 66.009103 66.864238
18.800000 62.872320 63.704960 64.975660 64.953995 66.243359 67.099193
18.840000 63.011596 63.886590 65.195657 65.168700 66.471190 67.328352
18.880000 63.156551 64.072555 65.456424 65.385058 66.664886 67.510108
18.920000 63.292855 64.300470 65.762868 65.621177 66.862841 67.661123
18.960000 63.489458 64.486288 66.013850 65.846843 67.051181 67.841952
19.000000 63.715958 64.713980 66.244029 66.072499 67.250500 68.069444
19.030000 63.875948 64.910781 66.418071 66.237999 67.387199 68.203013
19.080000 64.083599 65.193864 66.675447 66.495600 67.609840 68.386544
19.120000 64.293243 65.447183 66.894085 66.706032 67.759022 68.546354
19.160000 64.576080 65.713380 67.093200 66.914572 67.936950 68.730542
19.200000 64.824515 65.973770 67.285262 67.123084 68.082368 68.878951
19.240000 65.125757 66.238761 67.467239 67.334907 68.255236 69.043146
19.280000 65.467524 66.575859 67.660033 67.553142 68.434289 69.213735
19.320000 65.705962 66.884667 67.888796 67.773200 68.587255 69.346713
19.360000 65.970643 67.190120 68.141573 68.011527 68.795563 69.528961
19.400000 66.289322 67.485479 68.398610 68.265819 69.025039 69.735167
19.430000 66.558718 67.689807 68.584511 68.453659 69.210178 69.890215
19.480000 67.056094 68.105199 68.895062 68.812688 69.498400 70.104953
19.500000 67.167347 68.247773 69.013598 68.943049 69.627024 70.173527
19.530000 67.595051 68.471078 69.183939 69.141152 69.826627 70.302845
19.570000 67.946307 68.793663 69.426254 69.399750 70.044448 70.512428
19.600000 68.318782 69.026538 69.626718 69.598522 70.197776 70.689031
19.640000 68.723933 69.346550 69.902750 69.877078 70.405816 70.907221
19.670000 68.999500 69.590250 70.086942 70.081713 70.566758 71.073178
19.700000 69.301218 69.793246 70.309562 70.292411 70.756237 71.247183
19.730000 69.546693 70.024765 70.536611 70.496138 70.923292 71.390117
19.770000 69.925856 70.400095 70.826872 70.789991 71.137016 71.564810
19.800000 70.193517 70.677023 71.052641 71.025671 71.348988 71.686913
19.830000 70.519123 70.988321 71.269113 71.255869 71.554759 71.816484
19.870000 71.192620 71.304147 71.534860 71.557499 71.824840 71.980637
19.877000 71.243053 71.355959 71.584100 71.605994 71.875818 72.021227
19.930000 71.510752 71.713912 71.995292 72.001601 72.270323 72.545455
19.970000 71.742879 72.024868 72.316939 72.318988 72.618332 72.916564
20.000000 72.021188 72.298536 72.565718 72.573099 72.870423 73.111596
20.030000 72.363649 72.541079 72.819408 72.822091 73.113972 73.265715
20.046500 72.499876 72.673730 72.939277 72.947256 73.234230 73.374361
20.070000 72.649255 72.854187 73.130868 73.134117 73.417183 73.619276
20.110000 72.849409 73.150522 73.463811 73.460006 73.766507 74.095820
20.140000 73.057422 73.387647 73.733154 73.727566 74.061824 74.355203
20.170000 73.252520 73.638447 74.015903 74.009336 74.387973 74.705405
20.200000 73.511341 73.915970 74.313705 74.307979 74.702380 75.078374
20.230000 73.912463 74.289114 74.695244 74.684148 75.052414 75.417081
20.270000 74.528720 74.903056 75.243657 75.233138 75.570210 75.917167
20.300000 74.821534 75.157112 75.506855 75.503054 75.816081 76.186413
20.330000 75.080445 75.414278 75.732438 75.735106 76.064912 76.430926
20.370000 75.375023 75.687545 75.998440 76.017369 76.366476 76.724002
20.400000 75.582364 75.893674 76.196909 76.228388 76.598022 76.929772
20.430000 75.833425 76.085965 76.407469 76.435462 76.837718 77.112928
20.470000 76.157022 76.359707 76.690802 76.729392 77.138454 77.297089
20.474400 76.193634 76.396393 76.730078 76.763931 77.173601 77.337111
20.500000 76.413712 76.683640 77.075548 77.073109 77.425910 77.750198
20.530000 76.666700 76.978790 77.399158 77.384995 77.775082 78.199985
20.560000 76.881288 77.271758 77.656044 77.675394 78.089235 78.551439
20.600000 77.168337 77.565783 78.029758 78.053126 78.520321 79.133862
20.630000 77.355146 77.784948 78.314361 78.327254 78.842211 79.463612
20.670000 77.558192 78.096084 78.711432 78.730577 79.315764 79.996954
20.700000 77.797731 78.375835 78.999279 79.040383 79.750124 80.477911
20.730000 78.066156 78.647492 79.324527 79.362210 80.092496 80.861611
20.770000 78.424057 79.054952 79.765513 79.824220 80.637342 81.550149
20.800000 78.639780 79.344550 80.065937 80.119517 80.957618 81.775791
20.870000 79.436316 80.089781 80.900323 80.913520 81.746001 82.447796
20.900000 79.698417 80.392092 81.181362 81.196958 82.027615 82.700138
20.930000 79.942336 80.635628 81.469337 81.450225 82.290333 82.950505
20.970000 80.234946 80.992933 81.854044 81.801664 82.609600 83.208772
21.000000 80.458933 81.280925 82.156875 82.070779 82.836390 83.430301
21.030000 80.734331 81.592078 82.429527 82.338224 83.072852 83.655805
21.070000 81.230660 82.009372 82.732563 82.683200 83.339445 83.876252
21.130000 82.152626 82.770850 83.302893 83.286916 83.803591 84.291090
21.170000 82.621324 83.178191 83.654667 83.635963 84.113186 84.592828
21.200000 82.949642 83.472758 83.924791 83.910555 84.365208 84.781390
21.230000 83.238397 83.748843 84.146128 84.157223 84.603829 84.977466
21.270000 83.735103 84.127842 84.466966 84.489241 84.879301 85.232708
21.300000 84.177322 84.383035 84.746359 84.750116 85.113343 85.411616
21.310900 84.268770 84.469160 84.823158 84.834352 85.201189 85.480686
21.330000 84.401656 84.612302 84.962501 84.971948 85.334859 85.596034
21.370000 84.634487 84.892439 85.227848 85.226643 85.558221 85.784529
21.400000 84.795805 85.084966 85.423310 85.410169 85.726860 85.940808
21.430000 84.945793 85.271270 85.610264 85.591691 85.902188 86.120991
21.470000 85.203574 85.539603 85.869812 85.842613 86.143421 86.343913
21.500000 85.420416 85.751741 86.070957 86.046410 86.321289 86.551413
21.530000 85.667872 85.998935 86.277179 86.256154 86.505573 86.741264
21.570000 85.965407 86.299366 86.558689 86.535717 86.782993 87.011545
21.600000 86.223625 86.528074 86.770411 86.758222 86.994753 87.227529
21.630000 86.458689 86.743341 86.977674 86.974670 87.218304 87.441984
21.670000 86.740021 86.991401 87.232204 87.225698 87.468906 87.663309
21.730000 87.081976 87.330398 87.571697 87.561425 87.804693 87.950528
21.773900 87.347828 87.573390 87.848046 87.830988 88.090386 88.182925
21.800000 87.528769 87.776977 88.053555 88.055466 88.317528 88.662816
21.830000 87.740780 88.013402 88.330457 88.349921 88.666563 89.153953
21.870000 87.990440 88.332749 88.753216 88.796205 89.278138 89.801100
21.900000 88.189738 88.624150 89.088643 89.134847 89.656937 90.141440
21.930000 88.430871 88.924330 89.461496 89.479296 90.052817 90.515716
21.970000 88.928288 89.397856 89.961776 89.962913 90.571066 90.951846
22.000000 89.326253 89.699536 90.348667 90.301863 90.893100 91.207202
22.030000 89.715877 89.959120 90.659914 90.605880 91.172611 91.465498
22.035000 89.761974 90.015820 90.708438 90.654786 91.208002 91.509323
22.070000 90.086877 90.504877 91.134727 91.086812 91.576222 92.082038
22.100000 90.343586 90.843293 91.422070 91.409969 91.944539 92.577950
22.130000 90.563812 91.109531 91.694054 91.699970 92.254203 92.903246
22.170000 90.859996 91.425553 92.013698 92.059330 92.717489 93.426279
22.200000 91.012138 91.637942 92.268122 92.313271 93.035312 93.790189
22.230000 91.223064 91.867664 92.496967 92.563067 93.317061 94.057481
22.270000 91.490915 92.156476 92.848770 92.910901 93.731292 94.513862
22.300000 91.736354 92.381176 93.117976 93.187997 94.067360 94.957406
22.330000 91.948325 92.618135 93.417857 93.470602 94.333583 95.248338
22.370000 92.337202 92.986853 93.853830 93.889103 94.745933 95.778765
22.400000 92.602902 93.313505 94.204274 94.239306 95.130505 96.120058
22.430000 92.967466 93.637285 94.522022 94.561953 95.426189 96.479757
22.470000 93.319091 94.111514 95.010148 95.029103 95.930732 96.889170
22.500000 93.618577 94.489355 95.345586 95.362945 96.226455 97.217794
22.530000 93.971851 94.913019 95.721901 95.761497 96.590115 97.562968
22.570000 94.658790 95.438020 96.217773 96.255321 97.054649 98.005059
22.600000 95.012015 95.822165 96.541599 96.569959 97.383916 98.257053
22.630000 95.288140 96.114240 96.839463 96.881665 97.700693 98.505605
22.670000 95.716446 96.545792 97.266233 97.284006 98.075569 98.848344
22.700000 96.081500 96.841353 97.596967 97.580084 98.358991 99.017714
22.730000 96.449989 97.114084 97.864769 97.862336 98.622507 99.295179
22.770000 96.869618 97.505021 98.229878 98.243501 98.991067 99.616433
22.800000 97.111720 97.843113 98.513516 98.513954 99.228108 99.813232
22.830000 97.509974 98.150760 98.806956 98.791609 99.460463 99.999871
22.870000 97.995018 98.547918 99.166547 99.155998 99.771309 100.203050
22.900000 98.495334 98.793807 99.399579 99.413181 100.013015 100.371523
22.928900 98.811670 99.034163 99.657532 99.662966 100.287236 100.526858
22.930000 98.817544 99.040635 99.669668 99.671531 100.296770 100.538047
22.970000 99.040530 99.348951 99.960128 99.939690 100.557876 100.788016
23.000000 99.203859 99.577460 100.166091 100.142133 100.732881 101.001063
23.030000 99.343754 99.797556 100.352429 100.334279 100.884173 101.191944
23.070000 99.623874 100.081038 100.614747 100.597716 101.125544 101.523813
23.100000 99.813673 100.283489 100.814735 100.802039 101.301984 101.688545
23.130000 99.960065 100.501575 101.011601 101.009570 101.492653 101.901642
23.170000 100.211723 100.784760 101.281985 101.295231 101.771737 102.421282
23.200000 100.390996 100.989732 101.526181 101.509851 101.977955 102.671947
23.230000 100.612860 101.211810 101.752180 101.730974 102.212711 102.923370
23.270000 100.908567 101.495080 102.025039 102.018406 102.515631 103.217175
23.300000 101.108582 101.696843 102.231826 102.231893 102.739239 103.451960
23.330000 101.295117 101.941870 102.452004 102.463010 102.975221 103.712890
23.370000 101.716640 102.264333 102.754055 102.774173 103.293383 103.995804
23.400000 101.953892 102.506582 102.990480 103.017171 103.524997 104.211334
23.440000 102.258749 102.862804 103.314925 103.330381 103.853763 104.453702
23.480000 102.630616 103.188642 103.640459 103.660534 104.145031 104.722840
23.500000 102.844947 103.379737 103.835397 103.845068 104.347455 104.854266
23.520000 103.040068 103.595298 104.047304 104.046185 104.525749 105.019291
23.560000 103.620128 104.077610 104.550464 104.547310 105.029337 105.410973
23.600000 104.113948 104.585614 105.020726 105.010643 105.471799 105.718548
23.620900 104.308365 104.788475 105.251024 105.218908 105.683141 105.860624
23.640000 104.523446 104.978496 105.445310 105.412299 105.841730 106.064301
23.680000 104.899035 105.344737 105.839475 105.792274 106.212675 106.568135
23.700000 105.084089 105.531936 106.042247 105.997492 106.423024 106.785282
23.720000 105.295785 105.734910 106.231069 106.194315 106.610334 107.032453
23.760000 105.715475 106.124354 106.603470 106.573433 106.995014 107.397953
23.800000 106.026448 106.497726 106.965570 106.942176 107.381197 107.727622
23.840000 106.440676 106.882386 107.318668 107.315951 107.754235 108.099700
23.880000 106.848994 107.304040 107.710284 107.701456 108.109842 108.476665
23.920000 107.370089 107.683818 108.132333 108.117612 108.544648 108.873053
23.950900 107.653723 108.047273 108.518635 108.492682 108.924586 109.226934
23.960000 107.755525 108.156483 108.622902 108.593487 109.025591 109.314925
24.040000 108.809704 109.097389 109.519062 109.553419 109.965645 110.638682
24.076600 109.198759 109.436541 109.906462 109.943087 110.438107 111.029077
24.080000 109.233515 109.475940 109.943757 109.978079 110.464141 111.050971
24.120000 109.557944 109.915466 110.342912 110.398828 110.921172 111.397716
24.160000 109.833465 110.340234 110.809479 110.821577 111.329520 111.811695
24.200000 110.147338 110.708466 111.247297 111.218261 111.741507 112.159226
24.240000 110.562915 111.097938 111.669362 111.611229 112.078633 112.429273
24.280000 111.008170 111.546559 112.050666 111.997100 112.452173 112.808491
24.320000 111.451941 112.016763 112.468852 112.445640 112.898258 113.286176
24.360000 112.060127 112.571972 112.965222 112.970901 113.365535 113.881396
24.400000 112.628661 113.071129 113.478676 113.509350 113.930528 114.494674
24.440000 113.120104 113.541694 113.994344 114.017320 114.465620 115.051611
24.480000 113.659442 114.035395 114.532012 114.569328 115.102200 115.710677
24.520000 114.167597 114.568000 115.100850 115.145164 115.727011 116.330189
24.560000 114.552299 115.069850 115.660901 115.672367 116.278332 116.848219
24.600000 114.928755 115.522217 116.152478 116.154502 116.769833 117.414736
24.640000 115.323246 116.014204 116.680448 116.657413 117.291874 117.884562
24.680000 115.849178 116.556426 117.263286 117.235378 117.897396 118.427514
24.720000 116.378841 117.120388 117.880694 117.801345 118.449898 119.054606
24.760000 116.912871 117.704650 118.410267 118.356149 118.979311 119.507798
24.790000 117.338210 118.171938 118.833470 118.788797 119.446901 119.977933
24.840000 118.607837 119.213215 119.932201 119.901531 120.592751 121.209355
24.880000 119.110497 119.819944 120.512394 120.503290 121.162819 121.849613
24.920000 119.725646 120.429559 121.117575 121.109049 121.798758 122.430007
24.960000 120.163959 120.896438 121.607022 121.619640 122.301634 123.131348
25.000000 120.612229 121.325352 122.133187 122.112660 122.895426 123.745867
25.040000 120.959796 121.686887 122.551456 122.564558 123.419082 124.316000
25.080000 121.301398 122.089252 122.976871 123.008686 123.938705 124.751890
25.120000 121.731487 122.479512 123.442404 123.447087 124.421997 125.280574
25.160000 122.076577 122.986524 123.853614 123.893957 124.821646 125.812694
25.200000 122.329175 123.355785 124.243150 124.293013 125.288955 126.264637
25.240000 122.729123 123.774138 124.645313 124.704158 125.731740 126.578326
25.280000 123.123896 124.156004 125.076167 125.095991 126.112345 126.913631
25.320000 123.510769 124.551858 125.490369 125.480037 126.486000 127.255806
25.360000 123.925902 124.911851 125.859444 125.857338 126.866202 127.572433
25.400000 124.386987 125.293130 126.263972 126.234955 127.166972 127.815910
25.440000 124.777485 125.728334 126.629015 126.597764 127.509191 128.075195
25.480000 125.121894 126.104787 127.008703 126.943750 127.764983 128.350265
25.520000 125.590870 126.505268 127.368035 127.287114 128.036895 128.637843
25.560000 125.930460 126.937990 127.720606 127.626308 128.312218 128.824396
25.600000 126.485296 127.314443 128.044642 127.971783 128.587428 129.121442
25.640000 126.980685 127.759676 128.346461 128.319577 128.903286 129.453212
25.680000 127.561260 128.189681 128.710469 128.698992 129.235562 129.722353
25.720000 128.197712 128.576484 129.070517 129.066774 129.558937 129.995279
25.745900 128.515519 128.825191 129.317080 129.314232 129.766027 130.179586
25.760000 128.621987 128.977805 129.449294 129.440973 129.883741 130.291501
25.800000 129.026334 129.384506 129.810165 129.790207 130.194077 130.519700
25.840000 129.360079 129.769579 130.129265 130.122726 130.479778 130.773277
25.880000 129.679492 130.064768 130.427725 130.414198 130.769613 131.010885
25.920000 129.965187 130.356451 130.688144 130.667162 130.986734 131.222936
25.960000 130.238943 130.618330 130.934502 130.915753 131.227833 131.464511
26.000000 130.475097 130.857178 131.168545 131.153493 131.446286 131.707139
26.100000 131.138522 131.445388 131.746674 131.730100 131.998437 132.270568
26.200000 131.788898 132.060194 132.310661 132.305390 132.545353 132.775762
26.240000 132.034012 132.297787 132.542061 132.536563 132.772889 133.015192
26.280000 132.305644 132.571637 132.811900 132.794372 133.026702 133.229883
26.320000 132.617412 132.853673 133.084472 133.080719 133.305998 133.508155
26.360000 133.071732 133.268829 133.464935 133.460697 133.655495 133.816855
26.400000 133.437888 133.612667 133.785837 133.777929 133.943791 134.096027
26.440000 133.683472 133.863028 134.034629 134.027788 134.192596 134.337590
26.480000 133.923840 134.094188 134.254274 134.246226 134.390127 134.547259
26.520000 134.141713 134.299909 134.459724 134.448409 134.596375 134.719155
26.560000 134.387988 134.526700 134.670940 134.665113 134.799055 134.928979
26.600000 134.636187 134.759307 134.889562 134.890052 135.017646 135.134777
26.630000 134.830691 134.959436 135.077599 135.081570 135.206517 135.324432
26.670000 135.086735 135.191021 135.314792 135.322426 135.451296 135.616080
26.700000 135.233296 135.343438 135.469094 135.479956 135.607163 135.803355
26.730000 135.388067 135.488759 135.617387 135.631201 135.771639 135.966736
26.770000 135.541313 135.672962 135.803793 135.822884 135.991823 136.177427
26.800000 135.672647 135.796737 135.935364 135.958265 136.126617 136.347775
26.830000 135.781445 135.920964 136.062575 136.087425 136.261455 136.486332
26.870000 135.939593 136.067439 136.226876 136.251857 136.449235 136.657652
26.900000 136.053031 136.187949 136.354536 136.379682 136.588075 136.811034
26.920400 136.143365 136.273871 136.447463 136.473582 136.687717 136.929318
26.930000 136.185434 136.324108 136.492958 136.521447 136.734910 136.976513
26.970000 136.327109 136.479877 136.658494 136.690345 136.916018 137.138940
27.000000 136.448104 136.608786 136.787259 136.821093 137.066844 137.269131
27.030000 136.563599 136.736578 136.919825 136.952552 137.194580 137.408633
27.070000 136.730541 136.897621 137.097847 137.124000 137.372292 137.572253
27.100000 136.844709 137.027253 137.231607 137.254300 137.512603 137.733431
27.130000 136.976679 137.149426 137.360453 137.385000 137.637881 137.871602
27.170000 137.131820 137.312417 137.525355 137.554522 137.829629 138.052244
27.200000 137.254078 137.434830 137.659066 137.687904 137.965642 138.214363
27.240000 137.389075 137.589769 137.835563 137.856500 138.132206 138.406688
27.260000 137.485349 137.683052 137.930637 137.950834 138.237789 138.496156
27.280000 137.573543 137.772866 138.024085 138.045662 138.328667 138.603415
27.320000 137.735433 137.944380 138.201817 138.221552 138.505193 138.770774
27.400000 138.001522 138.247316 138.540541 138.544060 138.840219 139.089026
27.440000 138.166114 138.435306 138.709827 138.716680 139.020111 139.242860
27.480000 138.341763 138.602860 138.904346 138.894944 139.200641 139.406512
27.520000 138.487802 138.769984 139.082416 139.069924 139.377303 139.567470
27.560000 138.656498 138.941543 139.269686 139.252441 139.567851 139.749431
27.600000 138.818553 139.113115 139.478546 139.436723 139.749901 139.913968
27.640000 138.988869 139.295752 139.663101 139.621974 139.941140 140.067360
27.680000 139.154134 139.499360 139.865826 139.812805 140.129811 140.227083
27.691200 139.208035 139.560636 139.939177 139.878284 140.192576 140.282267
27.800000 139.681514 140.060413 140.491377 140.511127 140.859306 141.666328
27.900000 140.125076 140.527625 141.033134 141.113753 141.580487 142.863647
28.000000 140.519399 141.029457 141.550288 141.707034 142.401847 143.818237
28.100000 140.958112 141.511513 142.113015 142.320838 143.208850 144.857867
28.200000 141.389769 141.985188 142.674357 142.944868 143.972795 145.657481
28.300000 141.879121 142.563259 143.325055 143.609006 144.744023 146.456673
28.400000 142.340032 143.121416 144.046835 144.290983 145.512956 147.337078
