depth(m) lower_95(kyr) lower_68(kyr) median(kyr) mean(kyr) upper_68(kyr) upper_95(kyr)
0.100000 0.311576 0.534599 0.757671 0.762516 0.993099 1.205604
0.125000 0.425153 0.633906 0.838592 0.848524 1.066991 1.288589
0.200000 0.696242 0.888563 1.088693 1.093091 1.292956 1.503811
0.298000 1.031558 1.220866 1.464692 1.437822 1.659060 1.856017
0.300000 1.040789 1.229880 1.473096 1.446324 1.667857 1.865437
0.400000 1.453255 1.840192 2.326280 2.325378 2.814211 3.228261
0.497500 2.546171 2.846931 3.192687 3.161827 3.411079 3.825198
0.500000 2.554622 2.854384 3.204819 3.173126 3.422585 3.837057
0.600000 3.156033 3.550608 3.984574 4.011877 4.495577 4.929961
0.695000 4.102979 4.517580 4.849771 4.830481 5.148051 5.451104
0.700000 4.128461 4.535375 4.871940 4.853113 5.167059 5.477346
0.800000 4.657873 5.098264 5.384741 5.378311 5.659619 6.011221
0.898000 5.401244 5.687631 5.812034 5.897737 6.194021 6.503916
0.900000 5.410273 5.695345 5.821748 5.906964 6.203663 6.517725
1.000000 5.892611 6.216522 6.626210 6.627926 7.025704 7.360786
1.100000 6.946744 7.203562 7.433003 7.428225 7.648367 7.865553
1.110000 7.002855 7.272933 7.480747 7.475604 7.692467 7.898767
1.200000 7.446585 7.721968 7.966591 7.980915 8.256648 8.539932
1.295000 8.077928 8.288024 8.513134 8.540733 8.820022 9.037706
1.300000 8.114639 8.309800 8.537662 8.564122 8.848804 9.060268
1.350000 8.618356 8.962943 9.298714 9.271348 9.556599 9.860455
1.390000 9.106403 9.368700 9.615805 9.615413 9.868968 10.095046
1.410000 9.226376 9.479154 9.718725 9.719416 9.968568 10.195488
1.450000 9.483131 9.736067 10.010973 10.012504 10.266211 10.551025
1.495000 9.860222 10.168304 10.422134 10.418020 10.663794 10.898065
1.500000 9.880535 10.190342 10.443827 10.439627 10.686314 10.922653
1.510000 9.923874 10.242496 10.487115 10.483008 10.728209 10.964359
1.550000 10.126926 10.436926 10.698144 10.693517 10.961177 11.213700
1.600000 10.344880 10.675818 10.973085 10.967133 11.251981 11.501369
1.695000 11.192633 11.389766 11.634617 11.645259 11.923956 12.165930
1.700000 11.206565 11.414960 11.656975 11.666687 11.941802 12.175327
1.800000 11.629828 11.840171 12.067251 12.064555 12.285913 12.450247
1.895000 12.001106 12.247339 12.485255 12.450797 12.631255 12.778581
1.900000 12.015450 12.267634 12.503436 12.469998 12.647825 12.793509
2.000000 12.508062 12.706178 12.857977 12.852869 13.010223 13.140891
2.085000 12.889639 13.065705 13.238193 13.246003 13.431950 13.616934
2.100000 12.948872 13.112610 13.297892 13.302301 13.492284 13.675616
2.200000 13.237400 13.445745 13.652626 13.650762 13.851619 14.095588
2.250000 13.415750 13.620330 13.835722 13.830805 14.023324 14.234136
2.295000 13.582602 13.769238 13.991289 13.981087 14.176051 14.370166
2.300000 13.595871 13.787720 14.009112 13.997653 14.192999 14.393114
2.350000 13.741032 13.952413 14.153552 14.153131 14.352956 14.569627
2.400000 13.895353 14.115710 14.317384 14.321435 14.525008 14.772807
2.450000 14.053152 14.292662 14.486450 14.488534 14.681867 14.973927
2.490000 14.168261 14.425588 14.625687 14.622326 14.823173 15.111925
2.495000 14.183328 14.442732 14.645448 14.638938 14.836697 15.121023
2.500000 14.199255 14.459598 14.663037 14.656495 14.853584 15.135996
2.550000 14.447642 14.661231 14.855441 14.855413 15.044037 15.278176
2.600000 14.687242 14.882822 15.068982 15.067689 15.249716 15.451833
2.650000 14.894647 15.089927 15.280989 15.277077 15.461465 15.637893
2.700000 15.145979 15.320055 15.500671 15.497727 15.682147 15.845688
2.750000 15.347406 15.536449 15.697243 15.696499 15.861480 16.038515
2.800000 15.529590 15.692050 15.867410 15.864958 16.030416 16.207612
2.850000 15.661824 15.839315 16.002027 16.013684 16.193005 16.402961
2.900000 15.807082 15.967826 16.133045 16.147940 16.334412 16.560161
2.950000 15.919212 16.088079 16.261343 16.282456 16.476422 16.738764
2.990000 16.041139 16.194967 16.378328 16.397565 16.598830 16.879558
2.995000 16.053731 16.212264 16.394556 16.413770 16.612517 16.895081
3.050000 16.240076 16.387765 16.586751 16.607497 16.842295 17.042538
3.100000 16.377377 16.543480 16.753259 16.772166 17.015452 17.239869
3.150000 16.486760 16.673933 16.901173 16.918462 17.173522 17.419847
3.200000 16.624330 16.802139 17.053563 17.060876 17.327368 17.555623
3.250000 16.751846 16.925147 17.188351 17.195119 17.476816 17.684952
3.295000 16.842143 17.031556 17.300051 17.314817 17.609077 17.818102
3.300000 16.855148 17.044251 17.313646 17.329628 17.622652 17.824907
3.350000 16.986755 17.176671 17.449093 17.461544 17.767988 17.971625
3.400000 17.113293 17.309095 17.576596 17.588546 17.872270 18.130398
3.450000 17.211815 17.435542 17.705544 17.710591 17.989184 18.288861
3.500000 17.315291 17.572083 17.832178 17.838045 18.117395 18.384232
3.550000 17.459709 17.707855 17.958340 17.968194 18.251990 18.484833
3.600000 17.612396 17.857356 18.101178 18.113843 18.381333 18.638810
3.700000 17.881294 18.140850 18.401022 18.409961 18.659587 19.013542
3.800000 18.146159 18.455533 18.726750 18.732221 18.991010 19.361788
3.900000 18.472235 18.779728 19.049210 19.060020 19.353613 19.728285
4.000000 18.773445 19.045946 19.356102 19.362403 19.661728 20.073361
4.100000 18.973283 19.235374 19.561975 19.571138 19.882736 20.284321
4.203333 19.138649 19.424475 19.760407 19.775202 20.117065 20.509577
4.306667 19.348385 19.625683 19.956692 19.979815 20.308778 20.755825
4.410000 19.557309 19.828528 20.178290 20.194705 20.527159 21.012646
4.543333 19.896113 20.207897 20.616254 20.640101 21.038871 21.534468
4.676667 20.259309 20.654715 21.157561 21.172242 21.670319 22.176226
4.810000 20.720142 21.218379 21.700824 21.708411 22.220606 22.662839
4.943333 21.203422 21.745135 22.279569 22.245732 22.734792 23.122646
5.076667 21.783733 22.331345 22.770867 22.753407 23.163305 23.587786
5.210000 22.460554 22.872139 23.168230 23.195255 23.552621 23.971360
5.310000 22.657329 23.079630 23.350724 23.389927 23.754408 24.201523
5.410000 22.843052 23.257662 23.519390 23.571921 23.956136 24.381665
5.510000 23.062265 23.453314 23.690225 23.752576 24.123048 24.553831
5.643333 23.368544 23.744273 24.005223 24.066673 24.468967 24.833338
5.776667 23.671622 24.039682 24.382293 24.408944 24.796111 25.163686
5.910000 23.980187 24.358443 24.733353 24.744410 25.160422 25.439569
6.043333 24.297261 24.665745 25.105081 25.076570 25.465206 25.752020
6.176667 24.658636 25.014734 25.449074 25.405341 25.762904 26.012007
6.310000 24.975128 25.312578 25.773537 25.705998 26.033471 26.276584
6.430000 25.145301 25.505427 25.953694 25.895742 26.222167 26.442308
6.550000 25.354699 25.682212 26.139225 26.079828 26.421109 26.635121
6.670000 25.551628 25.870845 26.312693 26.268322 26.603544 26.854560
6.790000 25.711311 26.083965 26.507030 26.460467 26.783237 27.061200
6.910000 25.971809 26.287436 26.736075 26.683184 27.002882 27.276938
