depth(m) lower_95(kyr) median(kyr) upper_95(kyr)
0.030000 0.016281 0.235984 0.593735
0.080000 0.265831 0.618948 1.109428
0.130000 0.505841 0.996109 1.730238
0.180000 0.762218 1.411764 2.211862
0.230000 1.050911 1.799533 2.664727
0.280000 1.390735 2.224556 3.121238
0.330000 1.762889 2.624648 3.495953
0.380000 2.150380 3.034619 3.828794
0.430000 2.608562 3.409823 4.125182
0.480000 3.057312 3.780272 4.419018
0.530000 3.497623 4.153824 4.747109
0.580000 3.813889 4.494362 5.219403
0.630000 4.131538 4.833689 5.635493
0.680000 4.399789 5.177981 6.004354
0.730000 4.721631 5.514426 6.373561
0.780000 5.076799 5.880243 6.700335
0.830000 5.426175 6.243269 7.008735
0.880000 5.808718 6.616886 7.294664
0.930000 6.243490 7.009611 7.560631
0.980000 6.676047 7.365018 7.824317
1.030000 7.085952 7.694691 8.135253
1.080000 7.389162 7.969711 8.432821
1.130000 7.676287 8.231737 8.706573
1.180000 7.901171 8.496458 8.991967
1.230000 8.201359 8.760895 9.258097
1.280000 8.465592 9.016554 9.547140
1.330000 8.759234 9.277553 9.811176
1.380000 9.066755 9.547755 10.086653
1.430000 9.347760 9.820529 10.347072
1.480000 9.634139 10.101627 10.606096
1.530000 9.897386 10.429430 10.965403
1.580000 10.201596 10.747170 11.355712
1.630000 10.454847 11.087236 11.702942
1.680000 10.736317 11.432807 12.036202
1.730000 11.034701 11.767072 12.342287
1.780000 11.395525 12.128719 12.602753
1.830000 11.779220 12.496940 12.893713
1.880000 12.272714 12.838334 13.207186
1.930000 12.725388 13.140712 13.463018
1.980000 12.983080 13.433580 13.835030
2.030000 13.273439 13.712032 14.233494
2.080000 13.531509 13.987794 14.602834
2.130000 13.817944 14.268822 14.993161
2.180000 14.129828 14.557159 15.330512
2.230000 14.412209 14.854163 15.691376
2.280000 14.770519 15.207678 16.110937
2.330000 15.137683 15.769393 16.686463
2.380000 15.649446 16.378084 17.266336
2.430000 16.198722 16.960350 17.776717
2.480000 16.727893 17.514275 18.246461
2.530000 17.277141 18.007824 18.706761
2.580000 17.793688 18.461866 19.122982
2.630000 18.315408 18.924644 19.531598
2.680000 18.873286 19.363052 19.993521
2.730000 19.310512 19.920556 20.729791
2.780000 19.822820 20.514727 21.332214
2.830000 20.359418 21.177897 21.904730
2.880000 20.953512 21.759370 22.495814
2.930000 21.594150 22.376508 23.026313
2.980000 22.226220 22.948035 23.592392
3.030000 22.601966 23.377396 24.267514
3.080000 22.945633 23.792784 24.907014
3.130000 23.344167 24.238560 25.562812
3.180000 23.696840 24.717618 26.285828
3.230000 24.077613 25.172064 26.817826
3.280000 24.465346 25.611877 27.320973
3.330000 24.838353 26.124998 27.769497
3.380000 25.215026 26.576929 28.345825
3.430000 25.615447 27.136490 28.850348
3.480000 25.980737 27.638740 29.317115
3.530000 26.419392 28.105063 29.828224
3.580000 26.828881 28.547464 30.363031
3.630000 27.244804 29.019226 30.869399
3.680000 27.577230 29.544019 31.398083
3.730000 28.036957 30.050186 31.768907
3.780000 28.419280 30.551305 32.261914
3.830000 28.874412 31.043095 32.748424
3.880000 29.333547 31.533185 33.199633
3.930000 29.736987 31.999883 33.627554
3.980000 30.244166 32.427080 34.032448
4.030000 30.727401 32.883002 34.522269
4.080000 31.256636 33.386496 34.961133
4.130000 31.829419 33.830875 35.373781
4.180000 32.346793 34.312504 35.841971
4.230000 32.749010 34.738768 36.276748
4.280000 33.231061 35.182310 36.650613
4.330000 33.766916 35.619686 37.119367
4.380000 34.154768 36.088961 37.532966
4.430000 34.674339 36.606882 37.948565
4.480000 35.070751 37.025386 38.367876
4.530000 35.389299 37.422787 38.782362
4.630000 36.076543 38.157986 39.806856
4.680000 36.525949 38.542804 40.218530
4.730000 36.921655 38.895943 40.575610
4.780000 37.382298 39.234840 40.991455
4.830000 37.888196 39.595333 41.369675
4.880000 38.419085 39.909707 41.852915
4.930000 38.931288 40.284882 42.294910
4.980000 39.366075 40.667432 42.783692
5.030000 39.768990 41.080927 43.208087
5.080000 40.154152 41.526570 43.531986
5.130000 40.537333 41.996113 43.952116
5.180000 40.885421 42.441614 44.359900
5.230000 41.208345 42.905843 44.753516
5.280000 41.618143 43.348629 45.092807
5.330000 42.016467 43.805564 45.408198
5.380000 42.546017 44.235533 45.783766
5.430000 42.997310 44.663546 46.179622
5.480000 43.499982 45.051430 46.620254
5.530000 43.994020 45.473544 46.931515
5.580000 44.512963 45.856947 47.268736
5.630000 44.839452 46.294648 47.594395
5.680000 45.319009 46.724923 47.903131
5.730000 45.684128 47.098160 48.260794
5.780000 46.102791 47.473547 48.620636
5.830000 46.447646 47.849843 48.958351
5.880000 46.923172 48.178550 49.263151
5.930000 47.388863 48.493762 49.613314
5.980000 47.742320 48.791298 49.939041
6.030000 48.122846 49.102354 50.286032
6.080000 48.404510 49.395792 50.642036
6.130000 48.713903 49.724327 50.959512
6.180000 49.016892 50.040606 51.263072
6.230000 49.317298 50.376481 51.597273
6.280000 49.603615 50.724307 51.983942
6.330000 49.887765 51.057496 52.328954
6.380000 50.235512 51.384878 52.687137
6.430000 50.600009 51.721498 53.028311
6.480000 50.882470 52.039336 53.528520
6.530000 51.175376 52.378407 53.943903
6.580000 51.467327 52.737039 54.247224
6.630000 51.786809 53.110822 54.579992
6.680000 52.106736 53.517242 54.920928
6.730000 52.433828 53.874569 55.384105
6.780000 52.815936 54.231220 55.735380
6.830000 53.198268 54.578153 56.079322
6.880000 53.541166 54.930164 56.429018
6.930000 53.894126 55.333449 56.748286
6.980000 54.336169 55.696060 57.099413
7.030000 54.651767 56.074760 57.418750
7.080000 55.020869 56.412857 57.743681
7.130000 55.335966 56.785137 58.104212
7.180000 55.687658 57.137978 58.439390
7.230000 56.108552 57.490087 58.710171
7.280000 56.479530 57.889496 59.039229
7.330000 56.838392 58.254049 59.371958
7.380000 57.171840 58.611422 59.638088
7.430000 57.501630 58.942408 59.969863
7.480000 57.905576 59.295768 60.316583
7.530000 58.273089 59.644030 60.720994
7.580000 58.577275 59.985481 61.076372
7.630000 58.971442 60.321213 61.514590
7.680000 59.305164 60.657211 61.888115
7.730000 59.660320 60.999137 62.199717
7.780000 60.029185 61.366465 62.520036
7.830000 60.373127 61.701117 62.852680
7.880000 60.730124 62.054377 63.170129
7.930000 61.096150 62.398556 63.506969
7.980000 61.448193 62.748418 63.790129
8.030000 61.775367 63.082035 64.106313
8.080000 62.115558 63.391876 64.382075
8.130000 62.500882 63.695792 64.659496
8.180000 62.813859 63.997653 64.944003
8.230000 63.104900 64.270882 65.218670
8.280000 63.434997 64.551414 65.535590
8.330000 63.730619 64.862546 65.857097
8.380000 64.016175 65.138529 66.161648
8.430000 64.319688 65.431694 66.443906
8.480000 64.631379 65.742356 66.753528
8.580000 65.134584 66.350641 67.368493
8.630000 65.410387 66.665837 67.670346
8.680000 65.726308 67.004592 67.941225
8.730000 66.072743 67.329360 68.195651
8.780000 66.432361 67.644707 68.501617
8.830000 66.792699 67.948980 68.804026
8.880000 67.188101 68.276289 69.147188
8.930000 67.576431 68.593364 69.553227
8.980000 67.987958 68.933587 69.961048
9.030000 68.387582 69.270336 70.397647
9.080000 68.800856 69.651193 70.799177
9.130000 69.231472 70.041864 71.162142
9.180000 69.599943 70.429650 71.538653
9.230000 69.908515 70.814354 71.853748
9.280000 70.257539 71.200851 72.144732
9.330000 70.630518 71.565253 72.422707
9.380000 70.916379 71.913202 72.723969
9.430000 71.243539 72.227797 73.034666
9.480000 71.636352 72.542530 73.305671
9.530000 72.002026 72.850903 73.543872
9.580000 72.403829 73.136683 73.800465
9.630000 72.721639 73.417675 74.106661
9.680000 73.032350 73.689711 74.372240
9.730000 73.280814 73.981979 74.596747
9.780000 73.552997 74.280701 74.919543
9.830000 73.883940 74.550771 75.269470
9.880000 74.185731 74.843656 75.680997
9.930000 74.566302 75.170143 76.081989
9.980000 74.890125 75.523811 76.409766
10.030000 75.146509 75.863197 76.723228
10.080000 75.402140 76.201801 77.166498
10.130000 75.689363 76.530147 77.478914
10.180000 75.972578 76.850006 77.808585
10.230000 76.267200 77.195622 78.151071
10.280000 76.561184 77.550042 78.526245
10.330000 76.814597 77.890920 78.817315
10.380000 77.118285 78.254933 79.165895
10.430000 77.390753 78.579095 79.547413
10.480000 77.731172 78.892003 79.887249
10.530000 78.059825 79.226427 80.249182
10.580000 78.390099 79.529202 80.599275
10.630000 78.750889 79.833848 80.899759
10.680000 79.135628 80.111232 81.258634
10.730000 79.475933 80.422230 81.543159
10.780000 79.775223 80.733788 81.841087
10.830000 80.081061 81.079192 82.158698
10.880000 80.385056 81.412786 82.422281
10.930000 80.626965 81.736518 82.742250
10.980000 80.922025 82.060025 83.074959
11.030000 81.232208 82.356544 83.333228
11.080000 81.529828 82.620633 83.550789
11.130000 81.863649 82.886299 83.794885
11.180000 82.164302 83.166974 83.975828
11.230000 82.386461 83.430052 84.260931
11.280000 82.702418 83.663666 84.612955
11.330000 82.986275 83.926585 84.857038
11.380000 83.297300 84.187822 85.092303
11.430000 83.595688 84.455872 85.287007
11.480000 83.849374 84.707140 85.522183
11.530000 84.092444 84.948722 85.805673
11.580000 84.336024 85.209053 86.042764
11.630000 84.598905 85.461313 86.295385
11.680000 84.882888 85.719771 86.611182
11.730000 85.187999 85.983156 86.907398
11.780000 85.433610 86.233017 87.213916
11.830000 85.742020 86.501629 87.508223
11.880000 86.034879 86.802366 87.906014
11.930000 86.308057 87.089885 88.216323
11.980000 86.598199 87.417795 88.517794
12.030000 86.888865 87.737375 88.837236
12.080000 87.140283 88.099439 89.171568
12.130000 87.428824 88.434254 89.510023
12.180000 87.672238 88.763309 89.838855
12.230000 88.003764 89.075720 90.191690
12.280000 88.271883 89.420662 90.565947
12.330000 88.574205 89.746068 91.004662
12.380000 88.886564 90.079821 91.419507
12.430000 89.154832 90.435722 91.785967
12.480000 89.469199 90.783922 92.250571
12.530000 89.825600 91.113603 92.674774
12.580000 90.137278 91.433409 93.098172
12.630000 90.441258 91.748341 93.530819
12.680000 90.743260 92.102669 93.965932
12.730000 91.047559 92.425004 94.359358
12.780000 91.372282 92.722791 94.763973
12.830000 91.776531 93.090421 95.131149
12.880000 92.107731 93.477540 95.436509
12.930000 92.387253 93.870609 95.817066
12.980000 92.767522 94.205749 96.227029
13.030000 93.090404 94.579452 96.475605
13.080000 93.443886 94.983259 96.814729
13.130000 93.822719 95.358583 97.123399
13.180000 94.159388 95.741213 97.367888
13.230000 94.499101 96.080449 97.743095
13.280000 94.910078 96.450247 98.094787
13.330000 95.239888 96.828473 98.392434
13.380000 95.611254 97.160159 98.708767
13.430000 95.894409 97.529791 99.040776
13.480000 96.195126 97.862688 99.385209
13.530000 96.555530 98.190910 99.685898
13.580000 96.912968 98.498314 100.021534
13.630000 97.203035 98.824891 100.316209
13.680000 97.562313 99.160532 100.608722
13.730000 97.924232 99.453290 100.873623
13.780000 98.296533 99.762212 101.091414
13.830000 98.629302 100.067509 101.413797
13.880000 98.904555 100.403999 101.657629
13.930000 99.290622 100.727818 101.949174
13.980000 99.589002 101.053809 102.252272
14.030000 99.969848 101.379360 102.559903
14.080000 100.434442 101.703497 102.782120
14.130000 100.764612 102.021467 103.067311
14.180000 101.094284 102.328797 103.381426
14.230000 101.376878 102.685812 103.645977
14.280000 101.691997 103.030808 103.933876
14.330000 102.103398 103.343979 104.206037
14.380000 102.460760 103.657499 104.506085
14.430000 102.840603 103.977465 104.808394
14.480000 103.223628 104.295210 105.093543
14.530000 103.633739 104.626206 105.384228
14.580000 104.069360 104.946281 105.759199
14.630000 104.396418 105.230095 106.088196
14.680000 104.666024 105.532930 106.404431
14.730000 104.986303 105.808572 106.668113
14.780000 105.261472 106.134993 106.971222
14.830000 105.598214 106.419056 107.253038
14.880000 105.860630 106.716309 107.562694
14.930000 106.156467 107.022090 107.877302
14.980000 106.475885 107.324659 108.173131
15.030000 106.777715 107.627837 108.492681
15.080000 107.108345 107.922129 108.752154
15.130000 107.435355 108.219377 109.098500
15.180000 107.750245 108.530974 109.417525
15.230000 108.091259 108.851695 109.779583
15.280000 108.400731 109.196683 110.171477
15.330000 108.678762 109.564167 110.565581
15.380000 109.004247 109.924518 110.977611
15.430000 109.385366 110.290647 111.326697
15.480000 109.680517 110.680778 111.692722
15.530000 110.038754 111.056944 112.047169
15.580000 110.321351 111.433197 112.351065
15.630000 110.695444 111.803165 112.645078
15.680000 111.032346 112.125875 112.985822
15.730000 111.361833 112.447142 113.332584
15.780000 111.743697 112.765130 113.707898
15.830000 112.114371 113.074515 114.107995
15.880000 112.416803 113.406026 114.461099
15.930000 112.688964 113.730776 114.827684
15.980000 112.996405 114.032014 115.209756
16.030000 113.323668 114.330230 115.607598
16.080000 113.540049 114.658005 116.001144
16.130000 113.830857 114.972366 116.335288
16.180000 114.054711 115.289194 116.703351
