depth(m) lower_95(kyr) median(kyr) upper_95(kyr)
0.030000 0.046071 0.366746 0.865218
0.055000 0.233230 0.564200 1.061871
0.105000 0.538797 1.013048 1.662369
0.130000 0.730525 1.237178 1.885369
0.205000 1.499333 2.226243 2.736657
0.230000 1.671908 2.450929 2.938753
0.255000 1.902942 2.638192 3.144768
0.280000 2.074637 2.832867 3.356346
0.305000 2.269764 3.032965 3.562352
0.330000 2.496711 3.229874 3.784638
0.355000 2.664608 3.437696 4.049161
0.380000 2.884421 3.644933 4.262966
0.455000 3.773004 4.437704 5.115792
0.480000 3.967492 4.653335 5.298233
0.505000 4.187331 4.857923 5.474293
0.530000 4.392031 5.070439 5.648633
0.555000 4.637669 5.269647 5.809116
0.580000 4.879806 5.459088 5.972067
0.605000 5.129079 5.641697 6.122076
0.630000 5.361400 5.829842 6.323172
0.655000 5.606044 6.026030 6.503265
0.680000 5.816780 6.219560 6.693305
0.705000 6.026702 6.446479 6.922275
0.730000 6.210186 6.655267 7.149784
0.755000 6.388085 6.883830 7.393597
0.780000 6.574734 7.113256 7.630434
0.805000 6.773181 7.330949 7.865602
0.830000 7.008060 7.545109 8.064387
0.855000 7.198091 7.755737 8.268141
0.880000 7.423504 7.969647 8.456079
0.905000 7.625660 8.181188 8.666338
0.930000 7.835907 8.396420 8.886143
0.955000 8.040100 8.608644 9.068437
0.980000 8.212750 8.803803 9.257280
1.005000 8.402524 8.958541 9.414345
1.055000 8.793117 9.256277 9.753491
1.080000 8.948896 9.403965 9.900425
1.105000 9.132250 9.554706 10.080117
1.130000 9.288958 9.701628 10.234265
1.155000 9.438279 9.841261 10.382432
1.180000 9.590355 9.999737 10.590254
1.205000 9.692450 10.149634 10.747159
1.230000 9.846873 10.301450 10.877985
1.255000 9.973225 10.436249 10.985712
1.280000 10.109789 10.570667 11.106535
1.305000 10.238126 10.695981 11.269302
1.330000 10.388326 10.825671 11.457048
1.355000 10.493145 10.951764 11.624815
1.380000 10.630432 11.082715 11.753563
1.405000 10.773651 11.219003 11.883012
1.430000 10.917762 11.344006 11.976180
1.455000 11.049466 11.471776 12.098843
1.480000 11.198061 11.611253 12.213035
1.505000 11.356197 11.754247 12.349605
1.530000 11.482533 11.901665 12.487897
1.555000 11.635841 12.054532 12.607140
1.580000 11.782753 12.204215 12.716934
1.605000 11.915263 12.353969 12.813927
1.630000 12.068883 12.491428 12.916242
1.655000 12.184128 12.624072 13.058079
1.680000 12.305898 12.742651 13.203048
1.705000 12.414351 12.863055 13.345966
1.730000 12.529034 12.977687 13.526225
1.755000 12.666871 13.102552 13.663206
1.780000 12.775590 13.228450 13.791806
1.805000 12.883763 13.363049 13.920084
1.830000 13.011819 13.497344 14.019857
1.855000 13.113301 13.637949 14.155904
1.880000 13.234926 13.760927 14.303228
1.905000 13.346955 13.888836 14.412503
1.930000 13.473106 14.010809 14.538678
1.955000 13.596127 14.141050 14.675667
1.980000 13.702741 14.267224 14.809803
2.005000 13.852540 14.378847 14.917475
2.055000 14.120336 14.615659 15.163850
2.080000 14.225017 14.739505 15.287323
2.105000 14.346845 14.871007 15.395920
2.155000 14.528500 15.109889 15.676224
2.180000 14.681421 15.240868 15.807085
2.205000 14.775145 15.377008 15.913535
2.230000 14.888163 15.521210 16.040888
2.255000 15.028399 15.662709 16.173714
2.280000 15.171045 15.800399 16.286070
2.305000 15.311981 15.950720 16.407489
2.330000 15.493595 16.080676 16.505174
2.355000 15.658470 16.213893 16.614935
2.405000 15.914371 16.436582 16.803418
2.430000 16.037556 16.555502 16.914839
2.455000 16.158290 16.665791 17.017875
2.480000 16.290095 16.786534 17.129957
2.505000 16.424148 16.897580 17.225558
2.530000 16.554950 17.010477 17.328603
2.555000 16.670083 17.124826 17.428776
2.580000 16.808248 17.229126 17.517823
2.605000 16.949732 17.344449 17.609201
2.630000 17.092442 17.445466 17.725770
2.655000 17.220281 17.551726 17.862986
2.680000 17.363122 17.660763 17.971047
2.705000 17.476204 17.775712 18.094036
2.730000 17.585788 17.885639 18.227921
2.755000 17.704979 18.001289 18.356201
2.780000 17.845360 18.121914 18.502413
2.805000 17.950274 18.248184 18.645607
2.830000 18.075038 18.375243 18.770929
2.855000 18.204589 18.494231 18.919847
2.880000 18.309567 18.616546 19.056213
2.905000 18.416198 18.747944 19.202810
2.930000 18.534534 18.878175 19.334919
2.955000 18.663213 19.003536 19.489683
3.005000 18.883931 19.262902 19.827461
3.055000 19.116848 19.547461 20.180481
3.080000 19.246741 19.692297 20.330888
3.105000 19.414838 19.879919 20.542108
3.130000 19.582566 20.074461 20.737819
3.155000 19.760795 20.276313 20.939476
3.180000 19.952273 20.469639 21.107551
3.205000 20.116668 20.668434 21.287351
3.230000 20.323159 20.860799 21.463204
3.255000 20.499404 21.045306 21.625590
3.280000 20.671942 21.240203 21.803138
3.305000 20.879492 21.427050 21.943621
3.330000 21.065114 21.619055 22.103889
3.355000 21.224070 21.795491 22.257457
3.380000 21.375890 21.969286 22.397490
3.405000 21.564387 22.151765 22.568504
3.430000 21.742806 22.320160 22.735172
3.455000 21.869395 22.477376 22.924320
3.480000 21.999932 22.623983 23.086300
3.505000 22.161324 22.764835 23.283727
3.530000 22.314038 22.904591 23.436715
3.580000 22.580039 23.194542 23.854948
3.605000 22.727739 23.332478 24.030886
3.630000 22.917491 23.468573 24.219988
3.730000 23.471279 24.030282 24.998232
3.755000 23.602571 24.173664 25.146572
3.780000 23.760853 24.331948 25.277695
3.805000 23.893859 24.490099 25.451341
3.830000 24.071785 24.652236 25.572525
3.855000 24.221953 24.816849 25.701917
3.880000 24.365891 24.974297 25.845359
3.905000 24.523078 25.111621 25.987756
3.930000 24.638140 25.238403 26.152934
3.955000 24.757418 25.360921 26.291626
3.980000 24.860855 25.483408 26.437376
4.005000 24.990371 25.598355 26.567675
4.130000 25.521988 26.098534 27.225681
4.180000 25.794709 26.320765 27.418056
4.230000 26.030281 26.553938 27.719590
4.280000 26.304262 26.798248 27.932764
4.330000 26.518663 27.066722 28.178132
4.355000 26.653304 27.209922 28.295364
4.380000 26.784677 27.349164 28.426804
4.405000 26.905064 27.496678 28.516589
4.430000 27.061818 27.643018 28.649232
4.455000 27.226292 27.786573 28.774937
4.480000 27.377166 27.915887 28.890454
4.505000 27.558262 28.051166 29.001137
4.530000 27.720927 28.179433 29.103694
4.555000 27.879352 28.308964 29.226744
4.580000 28.016211 28.429295 29.336721
4.605000 28.156506 28.555827 29.508285
4.630000 28.297771 28.685638 29.642571
4.655000 28.421709 28.830124 29.786866
4.680000 28.540170 28.965082 29.934989
4.705000 28.671473 29.126941 30.073065
4.730000 28.790232 29.285277 30.261901
4.755000 28.915984 29.447568 30.374053
4.780000 29.066444 29.596445 30.512123
4.805000 29.208889 29.751915 30.620558
4.830000 29.342069 29.909692 30.735068
4.855000 29.487469 30.057058 30.911695
4.880000 29.613207 30.195220 31.050020
4.905000 29.734505 30.351896 31.184726
4.930000 29.874473 30.499291 31.350100
4.955000 30.000024 30.645582 31.522077
5.005000 30.238794 30.965053 31.880333
5.030000 30.384372 31.112046 32.018296
5.080000 30.675813 31.404870 32.383281
5.105000 30.794646 31.548345 32.535945
5.155000 31.100645 31.838436 32.858792
5.180000 31.254631 31.983902 33.008911
5.205000 31.382471 32.134447 33.139935
5.230000 31.546214 32.285052 33.279610
5.255000 31.665177 32.438961 33.402368
5.305000 31.974521 32.754986 33.676050
5.330000 32.121666 32.912534 33.813749
5.355000 32.275156 33.067691 33.911176
5.405000 32.585866 33.420406 34.186849
5.430000 32.719710 33.576938 34.327234
5.455000 32.909416 33.747506 34.439971
5.480000 33.034633 33.892118 34.555785
5.505000 33.225363 34.049959 34.712208
5.530000 33.375016 34.212205 34.911566
5.555000 33.549057 34.382071 35.057197
5.580000 33.674930 34.537033 35.170354
5.605000 33.853862 34.697500 35.354439
5.630000 33.986999 34.844813 35.522159
5.655000 34.177475 35.007642 35.659064
5.680000 34.310093 35.171911 35.817853
5.705000 34.480700 35.323958 35.957988
5.730000 34.640973 35.486343 36.079576
5.755000 34.786387 35.636968 36.213647
5.780000 34.923805 35.788179 36.369115
5.805000 35.096569 35.933944 36.524621
5.830000 35.285905 36.078545 36.652863
5.855000 35.418135 36.247143 36.796923
5.880000 35.576684 36.421188 36.999611
5.905000 35.733462 36.602068 37.137166
5.930000 35.876836 36.768651 37.328305
5.955000 36.095455 36.951575 37.499905
5.980000 36.256678 37.127226 37.662115
6.005000 36.374871 37.301482 37.865790
6.030000 36.528738 37.484455 38.027617
6.055000 36.722336 37.657449 38.230403
6.080000 36.911242 37.836083 38.397590
6.105000 37.118378 38.008357 38.576041
6.130000 37.315945 38.175172 38.735001
6.155000 37.524793 38.351636 38.894451
6.205000 37.904007 38.689640 39.307453
6.230000 38.087257 38.847785 39.509767
6.255000 38.252295 39.020605 39.662570
6.280000 38.410951 39.196702 39.831985
6.305000 38.631183 39.362409 39.944278
6.330000 38.769269 39.535960 40.114213
6.355000 38.910649 39.704584 40.257023
6.405000 39.223158 40.034701 40.567638
6.455000 39.564431 40.354600 40.871862
6.480000 39.693444 40.508968 41.015501
6.505000 39.828199 40.655797 41.180736
6.530000 39.978584 40.809542 41.338109
6.555000 40.125714 40.959727 41.499156
6.580000 40.230962 41.109181 41.638461
6.605000 40.351710 41.259406 41.807388
6.630000 40.511620 41.429187 41.971640
6.655000 40.659794 41.589350 42.122442
6.680000 40.764239 41.764119 42.312088
6.705000 40.893107 41.933349 42.526392
6.730000 41.064552 42.096710 42.694022
6.755000 41.182940 42.261496 42.873146
6.780000 41.414459 42.420594 43.073967
6.805000 41.594492 42.596579 43.304417
6.830000 41.776668 42.765434 43.472862
6.855000 41.967876 42.948758 43.633496
6.880000 42.123721 43.129139 43.811644
6.905000 42.287339 43.307843 43.983986
6.930000 42.430994 43.487906 44.171119
6.955000 42.588510 43.662415 44.296760
6.980000 42.761812 43.822853 44.448616
7.005000 42.945417 43.964801 44.593994
7.030000 43.108054 44.110833 44.724345
7.055000 43.258977 44.232475 44.854137
7.080000 43.410322 44.357706 44.992185
7.105000 43.563767 44.483875 45.128537
7.130000 43.719285 44.595608 45.249167
7.155000 43.900594 44.712669 45.368119
7.180000 44.050650 44.824549 45.519369
7.205000 44.207578 44.924989 45.647128
7.230000 44.329372 45.053990 45.797351
7.255000 44.448144 45.176704 45.945572
7.280000 44.574386 45.292985 46.075382
7.305000 44.692561 45.403619 46.224530
7.330000 44.816069 45.528567 46.386086
7.355000 44.948196 45.669649 46.560864
7.380000 45.068723 45.803227 46.739962
7.405000 45.192269 45.946241 46.876879
7.430000 45.317936 46.091865 47.011531
7.455000 45.468828 46.235923 47.155383
7.480000 45.602178 46.398193 47.289110
7.505000 45.743667 46.572738 47.436312
7.530000 45.880950 46.737860 47.535537
7.555000 45.988977 46.910381 47.702805
7.580000 46.141052 47.065448 47.825280
7.605000 46.277368 47.195723 47.945281
7.630000 46.423029 47.330395 48.097249
7.655000 46.544578 47.474603 48.224295
7.680000 46.671900 47.608346 48.339975
7.755000 46.988441 48.015055 48.781581
7.780000 47.102906 48.162228 48.915376
7.830000 47.310163 48.439045 49.185132
7.855000 47.429364 48.574894 49.292878
7.880000 47.530423 48.710003 49.443579
7.905000 47.640438 48.855643 49.570083
7.930000 47.737886 48.980535 49.710105
7.955000 47.848082 49.104321 49.851120
7.980000 47.943851 49.240875 50.003067
8.005000 48.050992 49.376697 50.194266
8.055000 48.241086 49.639784 50.520198
8.080000 48.349074 49.775633 50.673167
8.105000 48.437754 49.933847 50.798492
8.130000 48.536058 50.061699 50.917417
8.155000 48.640945 50.202755 51.049414
8.180000 48.749466 50.334653 51.170968
8.205000 48.851477 50.513697 51.285739
8.230000 48.978608 50.655558 51.388787
8.255000 49.086973 50.806693 51.500651
8.280000 49.188147 50.908595 51.619664
8.305000 49.290294 51.042656 51.763540
8.330000 49.367968 51.161254 51.894442
8.355000 49.518798 51.295340 52.019594
8.380000 49.633983 51.414535 52.136722
8.405000 49.738286 51.557708 52.279508
8.430000 49.846307 51.673522 52.426964
8.455000 49.979935 51.794158 52.577388
8.480000 50.117560 51.949657 52.717282
8.505000 50.248184 52.084523 52.875696
8.530000 50.380352 52.203358 53.036381
8.555000 50.543724 52.327868 53.173118
8.580000 50.664858 52.473949 53.295562
8.605000 50.780841 52.602702 53.418459
8.630000 50.902519 52.723914 53.607886
8.655000 51.050462 52.849062 53.761742
8.680000 51.149311 52.987971 53.895773
8.705000 51.274342 53.126535 54.053234
8.730000 51.389526 53.296327 54.180991
8.755000 51.539992 53.463213 54.333326
8.780000 51.677668 53.604457 54.489492
8.805000 51.800766 53.762257 54.609886
8.830000 51.926576 53.913269 54.747751
8.855000 52.068044 54.074619 54.888226
8.880000 52.192242 54.240431 55.046933
8.905000 52.308606 54.382460 55.187188
8.930000 52.431374 54.542388 55.331104
8.955000 52.544707 54.702235 55.505001
8.980000 52.689386 54.841897 55.624061
9.005000 52.840498 54.989846 55.777874
9.030000 52.983424 55.126314 55.921393
9.055000 53.138527 55.270283 56.094543
9.080000 53.274644 55.408144 56.262041
9.105000 53.422595 55.569848 56.454083
9.130000 53.538070 55.721296 56.576073
9.155000 53.663283 55.869299 56.737987
9.180000 53.798855 56.017992 56.849488
9.205000 53.910794 56.175626 56.973030
9.230000 54.033563 56.334015 57.147041
9.255000 54.152801 56.466198 57.323573
9.280000 54.263889 56.611844 57.496893
9.305000 54.386845 56.758443 57.646430
9.330000 54.507239 56.892782 57.753495
9.355000 54.628718 57.019887 57.882205
9.380000 54.754381 57.146401 58.011249
9.405000 54.891254 57.262089 58.136327
9.430000 55.004695 57.392362 58.286834
9.455000 55.128725 57.511126 58.426774
9.480000 55.237982 57.616845 58.538910
9.505000 55.352249 57.741176 58.695170
9.530000 55.479284 57.857176 58.834581
9.555000 55.600398 57.983502 58.965673
