depth(m) lower_95(kyr) median(kyr) upper_95(kyr)
0.030000 0.039419 0.285935 0.554276
0.080000 0.325114 0.662097 1.307618
0.130000 0.563954 1.046796 1.759473
0.180000 0.824283 1.455545 2.301209
0.230000 1.116542 1.896330 2.708232
0.280000 1.413282 2.311773 3.147065
0.330000 1.820594 2.711690 3.534311
0.380000 2.222183 3.150706 3.946161
0.430000 2.660819 3.548807 4.238012
0.480000 3.169951 3.895041 4.555463
0.530000 3.674565 4.253299 4.859850
0.580000 3.989497 4.562372 5.164507
0.630000 4.248046 4.872948 5.488377
0.680000 4.488569 5.172897 5.867297
0.730000 4.820492 5.540867 6.170150
0.780000 5.265745 5.862074 6.471675
0.830000 5.558906 6.196942 6.790186
0.880000 5.859998 6.521465 7.055076
0.930000 6.183924 6.859735 7.363020
0.980000 6.548304 7.255082 7.632628
1.030000 6.987579 7.589821 7.936047
1.080000 7.270798 7.843957 8.230607
1.130000 7.574480 8.119327 8.537230
1.180000 7.849935 8.386801 8.777872
1.230000 8.057177 8.633903 9.027367
1.280000 8.388806 8.889880 9.261926
1.330000 8.663831 9.174525 9.508261
1.380000 9.014966 9.429751 9.764472
1.430000 9.287327 9.711394 10.082285
1.480000 9.593092 9.990443 10.340995
1.530000 9.861188 10.289683 10.580824
1.580000 10.175981 10.568660 10.893571
1.630000 10.475088 10.837938 11.218033
1.680000 10.733942 11.102229 11.526485
1.730000 10.985582 11.380509 11.833819
1.780000 11.317941 11.711626 12.191121
1.830000 11.738385 12.194825 12.763123
1.880000 12.012083 12.665697 13.036863
1.930000 12.518483 12.992970 13.315774
1.980000 12.751636 13.274298 13.672821
2.030000 13.131638 13.575219 13.938236
2.080000 13.410845 13.844332 14.287900
2.130000 13.699221 14.162354 14.628463
2.180000 14.050975 14.446594 14.945132
2.230000 14.329238 14.798997 15.241195
2.280000 14.682171 15.161735 15.684507
2.330000 15.154945 15.656146 16.165868
2.380000 15.884073 16.332815 16.834414
2.430000 16.381083 16.992131 17.579008
2.480000 16.903783 17.542875 18.165406
2.530000 17.381738 18.047950 18.654171
2.580000 17.920537 18.556879 19.161401
2.630000 18.328640 19.011832 19.602557
2.680000 18.944141 19.518197 20.104503
2.730000 19.394214 20.074618 20.731217
2.780000 19.955915 20.696666 21.423201
2.830000 20.657299 21.285497 21.961795
2.880000 21.239150 21.904223 22.490398
2.930000 21.872572 22.590480 23.156556
2.980000 22.319553 23.162443 23.709056
3.030000 22.842680 23.652027 24.449932
3.080000 23.349215 24.173707 24.968057
3.130000 23.773873 24.697087 25.632558
3.180000 24.140538 25.189338 26.348825
3.230000 24.634060 25.687051 26.832455
3.280000 25.187918 26.162472 27.214423
3.330000 25.600984 26.586573 27.629463
3.380000 25.935456 27.044667 28.098163
3.430000 26.456437 27.535003 28.564961
3.480000 26.888044 28.075017 29.100908
3.530000 27.496308 28.592118 29.531187
3.580000 27.906755 29.063743 29.949767
3.630000 28.360193 29.527871 30.405214
3.680000 28.821426 29.922075 30.965059
3.730000 29.334825 30.383607 31.383360
3.780000 29.832420 30.901024 31.841669
3.830000 30.297262 31.363300 32.312298
3.880000 30.724045 31.866724 32.859203
3.930000 31.107545 32.353383 33.461830
3.980000 31.648983 32.822249 33.945091
4.030000 32.230786 33.239906 34.394498
4.080000 32.694522 33.716910 34.777344
4.130000 33.250746 34.214482 35.150048
4.180000 33.711297 34.648538 35.617806
4.230000 34.144545 35.186001 35.970652
4.280000 34.776409 35.682211 36.426288
4.330000 35.334629 36.189400 36.902572
4.380000 35.869408 36.677028 37.321882
4.430000 36.186062 37.081327 37.661941
4.480000 36.628294 37.470427 38.081953
4.530000 36.995672 37.853753 38.504715
4.630000 37.974699 38.585890 39.569629
4.680000 38.223137 38.931038 40.105062
4.730000 38.487589 39.313252 40.520267
4.780000 38.905062 39.726524 40.811868
4.830000 39.186676 40.155109 41.213823
4.880000 39.485334 40.495652 41.644244
4.930000 39.790202 40.923157 42.038560
4.980000 40.087609 41.314603 42.353257
5.030000 40.510918 41.639636 42.720709
5.080000 40.913626 41.989581 43.088916
5.130000 41.412333 42.323725 43.530420
5.180000 41.818580 42.720998 43.875826
5.230000 42.272464 43.093353 44.247905
5.280000 42.702222 43.515888 44.582245
5.330000 43.101591 43.913169 44.825630
5.380000 43.501456 44.306526 45.128257
5.430000 43.950005 44.737029 45.518971
5.480000 44.458859 45.174733 45.814418
5.530000 44.914347 45.633146 46.341679
5.580000 45.431717 46.102145 46.677085
5.630000 45.864038 46.486850 47.096207
5.680000 46.268597 46.901301 47.455726
5.730000 46.721955 47.282600 47.833017
5.780000 47.151262 47.685422 48.280997
5.830000 47.641966 48.193028 48.858550
5.880000 48.045790 48.594950 49.201945
5.930000 48.384120 48.962971 49.558853
5.980000 48.685954 49.265311 49.859379
6.030000 48.929639 49.549200 50.160922
6.080000 49.214232 49.829394 50.400968
6.130000 49.458086 50.122199 50.756138
6.180000 49.763274 50.427026 51.010936
6.230000 50.035806 50.710201 51.445623
6.280000 50.389438 51.037090 51.671723
6.330000 50.627878 51.326523 51.997835
6.380000 50.971137 51.646746 52.395673
6.430000 51.303994 51.965158 52.810568
6.480000 51.577495 52.250857 53.160987
6.530000 51.903593 52.555984 53.448176
6.580000 52.125468 52.895143 53.855650
6.630000 52.416701 53.220904 54.149814
6.680000 52.731866 53.523309 54.425549
6.730000 53.119943 53.859217 54.718775
6.780000 53.401525 54.177429 55.013624
6.830000 53.717040 54.522666 55.403987
6.880000 54.240012 54.915768 55.830543
6.930000 54.671810 55.361387 56.206439
6.980000 55.026889 55.762189 56.567521
7.030000 55.410906 56.120949 56.937815
7.080000 55.660121 56.507684 57.214286
7.130000 55.897372 56.875756 57.553555
7.180000 56.130540 57.181806 57.878873
7.230000 56.649138 57.521578 58.227748
7.280000 57.081921 57.878345 58.516436
7.330000 57.460662 58.238139 58.864314
7.380000 57.857393 58.643788 59.293228
7.430000 58.239347 59.000247 59.649430
7.480000 58.619608 59.332223 60.011057
7.530000 58.902474 59.669135 60.328688
7.580000 59.250135 59.974504 60.689525
7.630000 59.586586 60.343534 61.066566
7.680000 59.934286 60.671533 61.295948
7.730000 60.321319 61.012539 61.740625
7.780000 60.760209 61.367332 62.007111
7.830000 61.200513 61.742613 62.348746
7.880000 61.557658 62.103777 62.654946
7.930000 61.883179 62.528755 63.084869
7.980000 62.279911 62.883006 63.504246
8.030000 62.624245 63.231494 63.878796
8.080000 63.024019 63.573757 64.211315
8.130000 63.238198 63.928427 64.550347
8.180000 63.528562 64.279674 64.912638
8.230000 63.725828 64.601079 65.317190
8.280000 64.041278 64.940924 65.711197
8.330000 64.429400 65.232117 66.072641
8.380000 64.733548 65.534129 66.529454
8.430000 64.987972 65.911966 66.847490
8.480000 65.192620 66.211784 67.121088
8.580000 65.671126 66.836910 67.594328
8.630000 66.087319 67.174120 67.907881
8.680000 66.553357 67.481172 68.092164
8.730000 66.837052 67.763541 68.450119
8.780000 67.142514 68.072593 68.859522
8.830000 67.479155 68.379630 69.048218
8.880000 67.905232 68.671508 69.335915
8.930000 68.371321 68.956294 69.645376
8.980000 68.837269 69.354449 69.937365
9.030000 69.183976 69.711550 70.191739
9.080000 69.663399 70.119314 70.522775
9.130000 70.110276 70.586449 70.941442
9.180000 70.387331 70.900322 71.378002
9.230000 70.745838 71.183443 71.615892
9.280000 71.008566 71.448722 71.873201
9.330000 71.368136 71.714901 72.082102
9.380000 71.601935 72.006015 72.353974
9.430000 71.902616 72.279139 72.644912
9.480000 72.215620 72.578959 72.916139
9.530000 72.489619 72.851472 73.234321
9.580000 72.666932 73.105455 73.547025
9.630000 72.972058 73.360646 73.742179
9.680000 73.251747 73.650680 74.041664
9.730000 73.566745 73.916977 74.344213
9.780000 73.853564 74.186112 74.601163
9.830000 74.121846 74.474274 74.834957
9.880000 74.406900 74.776908 75.146473
9.930000 74.745465 75.097831 75.500023
9.980000 75.065310 75.443154 75.810876
10.030000 75.302640 75.720534 76.138115
10.080000 75.526059 75.985370 76.479342
10.130000 75.729057 76.254477 76.783242
10.180000 76.009427 76.545836 77.095923
10.230000 76.287389 76.850351 77.471721
10.280000 76.579360 77.196242 77.775071
10.330000 76.929434 77.522025 78.174879
10.380000 77.277001 77.837669 78.469221
10.430000 77.573219 78.202681 78.911378
10.480000 77.857249 78.521344 79.210137
10.530000 78.124763 78.882111 79.601970
10.580000 78.472122 79.283050 79.920524
10.630000 78.970482 79.636917 80.235416
10.680000 79.384455 80.006458 80.566959
10.730000 79.681116 80.367782 80.957711
10.780000 80.116255 80.690490 81.285728
10.830000 80.493641 80.993783 81.513534
10.880000 80.757266 81.314086 81.875620
10.930000 81.002764 81.627906 82.257034
10.980000 81.249624 81.917519 82.626076
11.030000 81.458361 82.181283 82.843174
11.080000 81.759342 82.438964 83.193486
11.130000 82.046366 82.744268 83.445889
11.180000 82.327633 83.027275 83.707191
11.230000 82.506309 83.284468 83.948700
11.280000 82.889864 83.531025 84.260580
11.330000 83.127390 83.815542 84.504854
11.380000 83.434042 84.111164 84.818315
11.430000 83.740742 84.385855 85.019867
11.480000 84.027231 84.646022 85.215483
11.530000 84.367303 84.894041 85.438763
11.580000 84.612376 85.155396 85.709116
11.630000 85.019288 85.481842 85.952998
11.680000 85.319264 85.812379 86.300686
11.730000 85.770916 86.224146 86.672153
11.780000 86.126623 86.555292 87.057531
11.830000 86.455798 86.885119 87.418293
11.880000 86.753852 87.298297 87.761434
11.930000 87.108693 87.668787 88.119825
11.980000 87.576096 88.073896 88.568744
12.030000 87.958968 88.414502 88.982090
12.080000 88.219553 88.776819 89.299798
12.130000 88.496608 89.044471 89.557434
12.180000 88.859688 89.353726 89.837677
12.230000 89.113766 89.647272 90.206000
12.280000 89.494290 89.986531 90.564835
12.330000 89.781882 90.338453 90.947813
12.380000 90.087464 90.719772 91.376917
12.430000 90.318809 91.096785 91.752875
12.480000 90.709542 91.430810 92.083081
12.530000 91.110465 91.803520 92.432896
12.580000 91.442005 92.124681 92.813242
12.630000 91.728891 92.452983 93.192571
12.680000 92.042125 92.765216 93.632141
12.730000 92.319948 93.071167 93.954446
12.780000 92.640140 93.423926 94.269999
12.830000 92.978975 93.754214 94.704821
12.880000 93.284927 94.078187 94.951412
12.930000 93.669885 94.451171 95.339664
12.980000 93.935791 94.758027 95.679726
13.030000 94.412862 95.159496 95.889313
13.080000 94.696795 95.526092 96.241774
13.130000 94.988713 95.880766 96.564122
13.180000 95.463447 96.161603 96.931814
13.230000 95.750740 96.527980 97.274580
13.280000 96.083296 96.830734 97.574419
13.330000 96.338232 97.120040 97.871694
13.380000 96.556373 97.424423 98.151565
13.430000 96.851774 97.699636 98.467087
13.480000 97.094522 97.948450 98.744734
13.530000 97.459884 98.230863 98.996647
13.580000 97.766270 98.541439 99.287872
13.630000 97.988411 98.821765 99.674809
13.680000 98.257554 99.126790 99.976631
13.730000 98.542675 99.403516 100.252442
13.780000 98.850169 99.765359 100.471086
13.830000 99.212984 100.054029 100.758162
13.880000 99.503416 100.354036 101.030571
13.930000 99.776744 100.663312 101.392478
13.980000 100.141516 100.963068 101.632049
14.030000 100.502734 101.266290 102.065265
14.080000 100.895470 101.561899 102.340290
14.130000 101.320565 101.954157 102.612214
14.180000 101.588448 102.312456 102.895027
14.230000 101.979576 102.629147 103.142379
14.280000 102.250693 102.952410 103.425776
14.330000 102.628083 103.247843 103.711973
14.380000 102.961161 103.565858 103.991325
14.430000 103.340170 103.889643 104.344753
14.480000 103.784498 104.231802 104.692063
14.530000 104.125909 104.552912 105.074672
14.580000 104.401338 104.858546 105.513573
14.630000 104.617567 105.171394 105.797391
14.680000 104.848907 105.442247 106.056725
14.730000 105.054885 105.740361 106.345897
14.780000 105.384637 106.027833 106.675799
14.830000 105.630268 106.273263 106.976558
14.880000 105.846002 106.562674 107.243551
14.930000 106.262525 106.855836 107.547504
14.980000 106.631008 107.189429 107.828354
15.030000 106.912229 107.523075 108.102160
15.080000 107.155282 107.821425 108.319368
15.130000 107.595220 108.133956 108.598837
15.180000 107.978268 108.448079 108.898186
15.230000 108.362074 108.814355 109.259344
15.280000 108.713838 109.203761 109.733614
15.330000 109.092032 109.581497 110.186455
15.380000 109.334147 109.974451 110.646749
15.430000 109.684093 110.379198 110.919337
15.480000 110.005400 110.727671 111.355959
15.530000 110.363278 111.079712 111.708552
15.580000 110.771089 111.479166 112.165677
15.630000 111.132533 111.809515 112.471938
15.680000 111.553142 112.182302 112.885899
15.730000 111.984249 112.540662 113.233807
15.780000 112.313563 112.928875 113.654700
15.830000 112.675011 113.285226 114.142880
15.880000 112.933514 113.622590 114.519270
15.930000 113.163253 113.954502 114.985641
15.980000 113.414365 114.241132 115.449699
16.030000 113.733620 114.543211 115.937298
16.080000 114.019216 114.852939 116.251267
16.130000 114.267631 115.161934 116.631722
16.180000 114.541142 115.508505 116.999017
