depth(m) lower_95(kyr) median(kyr) upper_95(kyr)
0.000000 2.274729 4.815911 5.655097
0.040000 2.352190 4.900350 5.735315
0.200000 2.686274 5.169413 5.976579
0.400000 3.189451 5.485428 6.363175
0.600000 3.709956 5.843650 6.716159
1.000000 4.645486 6.542959 7.312953
1.200000 5.169154 6.846372 7.601466
1.400000 5.710605 7.237119 7.957344
1.600000 6.168044 7.599908 8.393572
1.800000 6.538034 8.010517 8.674325
2.000000 7.167615 8.359107 9.023132
2.200000 7.630744 8.734335 9.388271
2.400000 8.208474 9.149739 9.876978
2.500000 8.448063 9.381602 10.046355
2.600000 8.760642 9.615521 10.272028
2.800000 9.431818 10.049447 10.693435
3.000000 10.015114 10.447820 11.050707
3.100000 10.251399 10.736625 11.313294
3.200000 10.546324 11.024844 11.553291
3.300000 10.759502 11.318970 11.778717
3.400000 11.098166 11.555532 12.041025
3.500000 11.363806 11.824723 12.273388
3.600000 11.645819 12.115412 12.577723
3.700000 11.977159 12.403324 12.833970
3.800000 12.346867 12.718644 13.089588
3.900000 12.651238 13.003739 13.259762
4.000000 12.944639 13.239119 13.417200
4.040000 13.085723 13.343174 13.502417
4.080000 13.201055 13.438423 13.579318
4.100000 13.255466 13.496471 13.634073
4.120000 13.295232 13.546811 13.702157
4.160000 13.394930 13.647775 13.839613
4.200000 13.481715 13.741077 13.939863
4.240000 13.560355 13.832808 14.038194
4.280000 13.647447 13.925498 14.118987
4.300000 13.692284 13.987248 14.167696
4.320000 13.770931 14.046628 14.210412
4.360000 13.943904 14.163577 14.331033
4.400000 14.097662 14.285591 14.442959
4.440000 14.236553 14.414278 14.565153
4.480000 14.385358 14.532667 14.640887
4.500000 14.422141 14.583055 14.688914
4.520000 14.487315 14.643204 14.735911
4.560000 14.652190 14.739077 14.815246
4.585000 14.732045 14.799499 14.879640
4.595000 14.757097 14.826993 14.914545
4.600000 14.776201 14.841413 14.932699
4.640000 14.875868 15.014544 15.197780
4.680000 15.020003 15.211060 15.392062
4.700000 15.075526 15.298512 15.462529
4.720000 15.165475 15.368512 15.561143
4.760000 15.301917 15.530050 15.722519
4.800000 15.471742 15.670465 15.857736
4.840000 15.579124 15.802275 15.993905
4.880000 15.679418 15.925853 16.091099
4.900000 15.722739 15.983538 16.147056
4.920000 15.782705 16.047801 16.181031
4.960000 15.894376 16.160697 16.278168
5.000000 16.027783 16.257297 16.372291
5.040000 16.129773 16.340449 16.456898
5.080000 16.267256 16.418294 16.551378
5.100000 16.312171 16.456602 16.596181
5.120000 16.354250 16.495463 16.652202
5.160000 16.445621 16.562281 16.766669
5.200000 16.511951 16.631068 16.843283
5.240000 16.584792 16.689686 16.953834
5.280000 16.675855 16.757058 17.066838
5.300000 16.707499 16.794847 17.106013
5.320000 16.751176 16.832742 17.142065
5.360000 16.813520 16.899252 17.220196
5.385000 16.867483 16.933866 17.283259
5.395000 16.891212 16.957605 17.308930
5.400000 16.900471 16.971395 17.323364
5.440000 17.011010 17.145300 17.460277
5.480000 17.106763 17.312859 17.613607
5.500000 17.153774 17.385865 17.676818
5.520000 17.223979 17.461545 17.727294
5.560000 17.359707 17.590550 17.907064
5.600000 17.478976 17.733076 18.068051
5.640000 17.584424 17.874827 18.229444
5.680000 17.724363 17.998393 18.375446
5.700000 17.777943 18.067195 18.435689
5.720000 17.826728 18.137681 18.475093
5.760000 17.906021 18.257860 18.602367
5.800000 17.994451 18.378322 18.739334
5.840000 18.090753 18.477325 18.833559
5.880000 18.221058 18.594267 18.921403
5.900000 18.276529 18.647503 18.954073
5.920000 18.309735 18.700321 18.988557
5.960000 18.448824 18.820482 19.100747
6.000000 18.614806 18.928125 19.201738
6.040000 18.729106 19.036184 19.320091
6.080000 18.814303 19.161836 19.389151
6.120000 18.959232 19.275231 19.488476
6.160000 19.056260 19.371724 19.564682
6.200000 19.141536 19.474831 19.624084
6.240000 19.219694 19.572558 19.702506
6.280000 19.359112 19.671402 19.771349
6.320000 19.443840 19.745050 19.860410
6.360000 19.505970 19.820265 19.947265
6.400000 19.597472 19.894535 20.023103
6.440000 19.756781 19.973765 20.076058
6.480000 19.834320 20.048534 20.136222
6.520000 19.984559 20.122281 20.211121
6.560000 20.084408 20.200530 20.293206
6.585000 20.149759 20.245608 20.354150
6.600000 20.182769 20.277685 20.397540
6.640000 20.253850 20.357436 20.524908
6.680000 20.306844 20.433421 20.607064
6.720000 20.377479 20.512107 20.686645
6.760000 20.437262 20.592604 20.756858
6.810000 20.521585 20.679809 20.864957
6.840000 20.622013 20.749371 20.915036
6.880000 20.682531 20.829758 21.021225
6.920000 20.752633 20.914651 21.116337
6.960000 20.843706 20.995793 21.200501
7.000000 20.925562 21.091767 21.282645
7.040000 21.013677 21.171490 21.373190
7.080000 21.103035 21.265995 21.491482
7.120000 21.186495 21.354577 21.547679
7.160000 21.266516 21.450801 21.642958
7.200000 21.327595 21.536184 21.717521
7.240000 21.392299 21.624989 21.796580
7.280000 21.461354 21.711653 21.878486
7.320000 21.565345 21.796905 21.951808
7.360000 21.652670 21.885209 22.073428
7.400000 21.762619 21.972836 22.133197
7.440000 21.822915 22.066960 22.213262
7.480000 21.976142 22.148488 22.293642
7.520000 22.063202 22.234026 22.402357
7.560000 22.166039 22.314132 22.473856
7.600000 22.261168 22.394308 22.590324
7.640000 22.334126 22.479763 22.679991
7.680000 22.413242 22.566965 22.762282
7.720000 22.486231 22.648580 22.847744
7.760000 22.588726 22.725101 22.967078
7.840000 22.762587 22.878990 23.169521
7.880000 22.842253 22.967556 23.261879
7.900000 22.884745 23.016450 23.301403
7.920000 22.930522 23.069723 23.357074
7.960000 23.017100 23.165321 23.473379
8.000000 23.105725 23.259750 23.571837
8.040000 23.185633 23.345305 23.704637
8.080000 23.267728 23.437224 23.830083
8.100000 23.314348 23.489295 23.851693
8.120000 23.355488 23.540368 23.909894
8.160000 23.490780 23.650955 23.994304
8.200000 23.550569 23.755440 24.095630
8.240000 23.647796 23.870899 24.189351
8.280000 23.754879 23.973478 24.285860
8.320000 23.855236 24.070989 24.362025
8.360000 23.977604 24.160937 24.468576
8.415000 24.098478 24.317789 24.559511
8.440000 24.146131 24.383062 24.605737
8.480000 24.229278 24.481537 24.683371
8.520000 24.302468 24.573948 24.753972
8.560000 24.404560 24.670091 24.848854
8.600000 24.481042 24.756256 24.916783
8.640000 24.581705 24.835091 24.985957
8.680000 24.658309 24.918084 25.038742
8.720000 24.750095 24.988476 25.112761
8.760000 24.852198 25.059212 25.175432
8.840000 25.000753 25.190307 25.300633
8.880000 25.101015 25.268179 25.375827
8.920000 25.189574 25.341092 25.440126
8.960000 25.291744 25.410983 25.503156
9.000000 25.363991 25.475195 25.571157
9.040000 25.437691 25.545433 25.629687
9.080000 25.511535 25.616482 25.701476
9.120000 25.584775 25.686014 25.779344
9.160000 25.652453 25.759449 25.856626
9.185000 25.696702 25.806652 25.895555
9.215000 25.748169 25.860984 25.957665
9.240000 25.795849 25.907740 26.011269
9.280000 25.884293 25.982142 26.094803
9.320000 25.949298 26.056065 26.163092
9.360000 26.027397 26.126650 26.238432
9.400000 26.094775 26.206773 26.312275
9.440000 26.157910 26.285447 26.391613
9.480000 26.236729 26.353388 26.468719
9.520000 26.311303 26.429058 26.580763
9.560000 26.387439 26.501087 26.690599
9.600000 26.452621 26.580341 26.803633
9.640000 26.525968 26.659291 26.943612
9.680000 26.607679 26.751074 27.075408
9.720000 26.674754 26.832195 27.209543
9.760000 26.777726 26.941164 27.358822
9.800000 26.860250 27.065315 27.463644
9.840000 26.943965 27.185619 27.535542
9.960000 27.263446 27.540584 27.812267
10.000000 27.358076 27.659196 27.897776
10.040000 27.454034 27.776513 27.979484
10.080000 27.627648 27.888585 28.086185
10.120000 27.786529 27.987280 28.205198
10.160000 27.913198 28.075844 28.293185
10.195000 28.017735 28.162422 28.403577
10.200000 28.027639 28.174747 28.416288
10.240000 28.126871 28.259059 28.494362
10.280000 28.208125 28.355514 28.598498
10.360000 28.350992 28.528260 28.801258
10.400000 28.447301 28.618764 28.955537
10.440000 28.541770 28.714722 29.071074
10.480000 28.625353 28.814928 29.185212
10.520000 28.734519 28.930007 29.274371
10.560000 28.822855 29.050897 29.366581
10.600000 28.914772 29.147875 29.487759
10.640000 28.993701 29.261386 29.558171
10.680000 29.122909 29.391647 29.663048
10.720000 29.234571 29.512913 29.776697
10.760000 29.310647 29.635817 29.891644
10.785000 29.366829 29.713203 29.952042
10.795000 29.393039 29.740551 29.984015
10.800000 29.404138 29.754739 29.993107
10.840000 29.516047 29.901570 30.128852
10.880000 29.640166 30.034512 30.271097
10.920000 29.731559 30.160165 30.421795
10.960000 29.819823 30.285846 30.541392
11.000000 29.931666 30.392076 30.635485
11.040000 30.010556 30.535566 30.729935
11.080000 30.110077 30.639986 30.825973
11.120000 30.208556 30.758324 30.971140
11.160000 30.320355 30.843506 31.146926
11.200000 30.412883 30.955514 31.328420
11.240000 30.528714 31.050844 31.481928
11.280000 30.659658 31.142583 31.641756
11.320000 30.750170 31.235418 31.737543
11.360000 30.841436 31.339524 31.831737
11.400000 30.918176 31.444039 31.907364
11.440000 31.039789 31.552404 31.996400
11.480000 31.176845 31.647056 32.090552
11.520000 31.317911 31.759409 32.203459
11.560000 31.450854 31.873139 32.387479
11.600000 31.580222 31.980638 32.503386
11.640000 31.727525 32.086306 32.586238
11.680000 31.875410 32.198678 32.702659
11.720000 32.068079 32.328871 32.868628
11.750000 32.162366 32.425248 32.967434
11.760000 32.187737 32.460061 32.999296
11.800000 32.354380 32.596303 33.065490
11.840000 32.483935 32.740661 33.146221
11.880000 32.610511 32.865126 33.234055
11.920000 32.721844 33.001270 33.335452
11.960000 32.891413 33.147840 33.449867
11.995000 33.048307 33.276764 33.535868
12.000000 33.072794 33.296002 33.553353
12.040000 33.207764 33.433119 33.704713
12.080000 33.328443 33.576616 33.842474
12.120000 33.473174 33.699296 33.991195
12.160000 33.564133 33.825159 34.136541
12.200000 33.712018 33.991308 34.256100
12.240000 33.834232 34.146504 34.406471
12.280000 33.981965 34.292074 34.603400
12.320000 34.136279 34.453274 34.762813
12.360000 34.272972 34.597680 34.898104
12.400000 34.405233 34.747444 35.067542
12.440000 34.506453 34.884381 35.229634
12.480000 34.652107 35.018922 35.367007
12.500000 34.702889 35.080775 35.427443
12.520000 34.760090 35.163088 35.477991
12.560000 34.885229 35.298742 35.578375
12.600000 35.066047 35.463172 35.680119
12.640000 35.226228 35.594435 35.780132
12.670000 35.329818 35.693643 35.866053
12.680000 35.361820 35.728133 35.890382
12.700000 35.457768 35.800877 35.938087
12.720000 35.530628 35.862538 35.992017
12.760000 35.656989 35.982420 36.082533
12.795000 35.741868 36.080120 36.163371
12.800000 35.752379 36.093201 36.176060
12.840000 35.857028 36.183470 36.294685
12.880000 35.966649 36.271051 36.413748
12.920000 36.105275 36.350701 36.498883
12.960000 36.192779 36.432702 36.568907
13.000000 36.298926 36.514580 36.663412
13.040000 36.419081 36.607256 36.763757
13.080000 36.553890 36.702506 36.848258
13.120000 36.620335 36.791151 36.963914
13.160000 36.738883 36.887229 37.048586
13.200000 36.830169 36.986534 37.152958
13.240000 36.915178 37.081997 37.277457
13.280000 37.009159 37.174968 37.343033
13.320000 37.088039 37.272867 37.444292
13.360000 37.186240 37.374255 37.557747
13.400000 37.299225 37.476454 37.670048
13.440000 37.400360 37.578033 37.818310
13.480000 37.519015 37.683528 37.929790
13.520000 37.593342 37.801625 38.076505
13.560000 37.706526 37.923251 38.233004
13.600000 37.814895 38.089900 38.393079
13.615000 37.882031 38.139283 38.432069
13.640000 37.984366 38.235012 38.574430
13.680000 38.114929 38.399285 38.743893
13.720000 38.241957 38.594275 38.940255
13.760000 38.416736 38.742021 39.107336
13.785000 38.513141 38.851215 39.201869
13.800000 38.573174 38.924549 39.262861
13.840000 38.718945 39.087331 39.428464
13.880000 38.863795 39.248495 39.602322
13.920000 39.001973 39.430458 39.812251
13.960000 39.196566 39.612826 39.924304
14.000000 39.376931 39.762425 40.115889
14.040000 39.589712 39.935532 40.291322
14.080000 39.813789 40.099914 40.450124
14.120000 39.969507 40.267644 40.598896
14.160000 40.101972 40.447646 40.812510
14.200000 40.268808 40.625834 40.980297
14.240000 40.440129 40.785584 41.183758
14.280000 40.614230 40.945942 41.354084
14.320000 40.798767 41.131770 41.572556
14.360000 40.976818 41.305947 41.716628
14.390000 41.106729 41.421543 41.873622
14.400000 41.156802 41.463881 41.920927
14.440000 41.347841 41.658135 42.111216
14.480000 41.501761 41.868086 42.328105
14.520000 41.732110 42.072424 42.513822
14.560000 41.901920 42.271593 42.691678
14.600000 42.037385 42.466173 42.860134
14.640000 42.226278 42.704590 43.116003
14.680000 42.442953 42.898222 43.357932
14.720000 42.626379 43.082430 43.606252
14.760000 42.832744 43.265716 43.825854
14.800000 43.056821 43.464154 44.012083
14.830000 43.169494 43.605656 44.128207
14.840000 43.210466 43.641209 44.173652
14.880000 43.386349 43.819779 44.345608
14.920000 43.536023 43.968367 44.491373
14.960000 43.682682 44.157721 44.568796
15.000000 43.845944 44.324681 44.710845
15.040000 44.021476 44.486167 44.833963
15.080000 44.231207 44.637023 45.037839
15.120000 44.401984 44.772310 45.131501
15.160000 44.604547 44.940731 45.289418
15.200000 44.774629 45.125959 45.452420
15.240000 44.985699 45.309460 45.660953
15.280000 45.155930 45.483660 45.821307
15.320000 45.336320 45.657683 45.979926
15.360000 45.552165 45.859980 46.210781
15.400000 45.753193 46.073742 46.366742
15.440000 45.924855 46.262081 46.568035
15.480000 46.116555 46.485833 46.790766
15.520000 46.305675 46.663044 47.040804
15.560000 46.509023 46.870638 47.214177
15.600000 46.642784 47.077548 47.412174
15.640000 46.894820 47.276273 47.597138
15.680000 47.104934 47.475130 47.826358
15.720000 47.317723 47.675830 48.031413
15.760000 47.534135 47.893016 48.288047
15.800000 47.713903 48.077127 48.476629
15.815000 47.774081 48.161626 48.542282
15.840000 47.894700 48.271089 48.683819
15.880000 48.076709 48.512895 48.920778
15.920000 48.316746 48.752551 49.182247
15.960000 48.473495 48.962936 49.381131
16.000000 48.786780 49.192896 49.608436
16.040000 49.034770 49.422627 49.845650
16.080000 49.213502 49.640980 50.094543
16.120000 49.510315 49.903693 50.291703
16.160000 49.743535 50.139390 50.548326
16.200000 49.936975 50.360874 50.810519
16.240000 50.184418 50.564494 51.016566
16.280000 50.399426 50.817355 51.262216
16.320000 50.668782 51.067380 51.488247
16.360000 50.913400 51.322082 51.733938
16.400000 51.155887 51.565628 52.004859
16.440000 51.344739 51.827374 52.248788
16.480000 51.722519 52.110774 52.444564
16.520000 51.976719 52.341897 52.780237
16.560000 52.160674 52.591596 52.987656
16.600000 52.438322 52.829526 53.281537
16.640000 52.652271 53.049939 53.467832
16.720000 53.155536 53.605038 54.061523
16.760000 53.382924 53.824813 54.335795
16.800000 53.624166 54.074027 54.583641
16.840000 53.806747 54.291935 54.784253
16.880000 54.106278 54.521311 55.069902
16.920000 54.253301 54.729720 55.231428
16.960000 54.422278 54.965348 55.488796
17.000000 54.605556 55.178159 55.650102
17.040000 54.910683 55.396526 55.886814
17.080000 55.068729 55.633575 56.088558
17.120000 55.301725 55.842965 56.276052
17.160000 55.539715 56.070196 56.518511
17.200000 55.811272 56.292173 56.690524
17.240000 56.003612 56.513279 56.912930
17.270000 56.115767 56.653892 57.096134
17.300000 56.311828 56.815218 57.277937
17.330000 56.483147 56.973349 57.441233
17.360000 56.625054 57.125517 57.615444
17.400000 56.891897 57.368461 57.964573
17.440000 57.111557 57.627486 58.227383
17.470000 57.273537 57.824122 58.333361
17.500000 57.424533 57.987770 58.521275
17.530000 57.629389 58.148921 58.687176
17.570000 57.802185 58.390313 58.875697
17.600000 57.913294 58.530477 59.027269
17.640000 58.118373 58.754429 59.209087
17.680000 58.277175 58.981856 59.397184
17.720000 58.525941 59.199468 59.662293
17.760000 58.740109 59.440001 59.971386
17.800000 58.969800 59.660110 60.187492
17.830000 59.101231 59.845043 60.289277
17.860000 59.236131 59.976132 60.450864
17.900000 59.407235 60.199555 60.676117
17.930000 59.573314 60.354257 60.836570
17.970000 59.765601 60.553280 60.944825
18.000000 59.924951 60.718492 61.114650
18.030000 60.061796 60.869556 61.319015
18.060000 60.271471 61.044276 61.455175
18.100000 60.559234 61.222927 61.647488
18.130000 60.733152 61.395279 61.751496
18.170000 60.977082 61.597836 61.942990
18.200000 61.162800 61.746507 62.102505
18.230000 61.279198 61.892523 62.252406
18.270000 61.602586 62.072063 62.449990
18.300000 61.712045 62.219681 62.637008
18.330000 61.881831 62.342312 62.803270
18.370000 62.095842 62.527647 63.022491
18.400000 62.224905 62.692676 63.236730
18.440000 62.417581 62.953554 63.511515
18.480000 62.715640 63.247856 63.736624
18.520000 62.913952 63.513564 64.031677
18.560000 63.061191 63.718323 64.319594
18.600000 63.222272 63.950480 64.522199
18.640000 63.380590 64.130775 64.738148
18.680000 63.608827 64.334705 64.913918
18.720000 63.772821 64.556463 65.058103
18.760000 63.961222 64.756669 65.255475
18.800000 64.160773 64.937163 65.504170
18.840000 64.450197 65.115188 65.756563
18.880000 64.736115 65.302052 66.011875
18.920000 64.895192 65.506717 66.317562
18.960000 65.166039 65.744477 66.497452
19.000000 65.420336 65.981728 66.781923
19.030000 65.565685 66.184925 66.913824
19.080000 65.889193 66.516416 67.198520
19.120000 66.194003 66.762722 67.445154
19.160000 66.446612 67.034118 67.660992
19.200000 66.720624 67.295620 67.965330
19.240000 66.942792 67.552572 68.118604
19.280000 67.235129 67.778254 68.333609
19.320000 67.536092 68.044022 68.528287
19.360000 67.772810 68.316531 68.779698
19.400000 68.077455 68.595163 68.983831
19.430000 68.322487 68.770073 69.135904
19.480000 68.598858 69.064578 69.355006
19.500000 68.699430 69.162590 69.454317
19.530000 68.894709 69.299816 69.588586
19.570000 69.146382 69.469839 69.741703
19.600000 69.300150 69.625113 69.903929
19.640000 69.460309 69.810529 70.047164
19.670000 69.631739 69.944933 70.168241
19.700000 69.770862 70.065735 70.302001
19.730000 69.908859 70.190650 70.407953
19.770000 70.119722 70.356124 70.622984
19.800000 70.273771 70.539169 70.874104
19.830000 70.476473 70.788631 71.136081
19.870000 70.757075 71.154401 71.539143
19.930000 71.430259 71.744186 72.083346
19.970000 71.860357 72.130243 72.422051
20.000000 72.102944 72.437501 72.719908
20.030000 72.452532 72.732121 73.078801
20.070000 72.750793 73.157975 73.494062
20.110000 73.253318 73.566335 73.959658
20.140000 73.512537 73.858007 74.168458
20.170000 73.828610 74.144340 74.449840
20.200000 74.092889 74.430237 74.753445
20.230000 74.431255 74.746837 75.063923
20.270000 74.934146 75.219015 75.683316
20.300000 75.145328 75.512554 76.015585
20.330000 75.397810 75.807107 76.275411
20.370000 75.712090 76.202345 76.671237
20.400000 75.993818 76.488468 76.932242
20.430000 76.293999 76.752694 77.174326
20.470000 76.666820 77.140903 77.511264
20.500000 76.925374 77.409802 77.805077
20.530000 77.194538 77.646042 78.008523
20.560000 77.407927 77.831883 78.224070
20.600000 77.649524 78.079012 78.526962
20.630000 77.819354 78.287636 78.821078
20.670000 78.080371 78.558604 79.069750
20.700000 78.248271 78.767170 79.290559
20.730000 78.472345 79.000366 79.481310
20.770000 78.730082 79.287179 79.766328
20.800000 78.944801 79.517021 80.012580
20.870000 79.412619 79.955433 80.347637
20.900000 79.579235 80.136482 80.594769
20.930000 79.742244 80.329138 80.760796
20.970000 80.004361 80.580699 81.008553
21.000000 80.212773 80.768962 81.266619
21.030000 80.424183 80.980943 81.457795
21.070000 80.768761 81.298823 81.724942
21.130000 81.232804 81.900698 82.422124
21.170000 81.489060 82.302713 82.855537
21.200000 81.822595 82.609383 83.175267
21.230000 82.223662 82.912578 83.368938
21.270000 82.788116 83.291854 83.741691
21.300000 83.158169 83.629703 84.091465
21.330000 83.476887 83.960625 84.454591
21.370000 83.960959 84.430547 84.943455
21.400000 84.290201 84.768398 85.218543
21.430000 84.599711 85.084423 85.471650
21.470000 85.031302 85.543193 85.861859
21.500000 85.415645 85.808218 86.117284
21.530000 85.637505 86.088382 86.434705
21.570000 85.986307 86.455740 86.877128
21.600000 86.185705 86.725267 87.156516
21.630000 86.494552 87.008956 87.476301
21.670000 86.812406 87.342193 87.930520
21.730000 87.390419 87.936571 88.660193
21.800000 87.931452 88.975562 89.779899
21.830000 88.175004 89.318608 90.020879
21.870000 88.733842 89.724606 90.412322
21.900000 89.144793 90.010663 90.693827
21.930000 89.549315 90.328364 90.953659
21.970000 90.046671 90.710143 91.433630
22.000000 90.475999 91.044301 91.674584
22.030000 90.579630 91.364040 92.028863
22.070000 90.980292 91.775219 92.539081
22.100000 91.285669 92.082283 92.814371
22.130000 91.570812 92.448551 93.127913
22.170000 92.047198 92.865114 93.565229
22.200000 92.281111 93.161103 93.840894
22.230000 92.568085 93.467067 94.060654
22.270000 93.065788 93.846691 94.480870
22.300000 93.304028 94.157710 94.791338
22.330000 93.529878 94.420559 95.032629
22.370000 94.004666 94.743391 95.361164
22.400000 94.272199 95.012177 95.585550
22.430000 94.594942 95.304880 95.881242
22.470000 94.908010 95.645499 96.238764
22.500000 95.165288 95.872940 96.457179
22.530000 95.488625 96.170492 96.757882
22.570000 95.785480 96.575058 97.199720
22.600000 95.953731 96.869069 97.497679
22.630000 96.124547 97.075731 97.764295
22.670000 96.352749 97.379657 98.183449
22.700000 96.520631 97.635594 98.439580
22.730000 96.685159 97.883773 98.656412
22.770000 96.938152 98.251672 98.997663
22.800000 97.129687 98.480369 99.252806
22.830000 97.322292 98.692499 99.428849
22.870000 97.672149 98.955566 99.723474
22.900000 97.862934 99.164249 99.919674
22.930000 98.162097 99.354451 100.125923
22.970000 98.432515 99.652171 100.427133
23.000000 98.699538 99.845935 100.645174
23.030000 98.899498 100.077431 100.793209
23.070000 99.186167 100.287647 101.021881
23.100000 99.376763 100.499644 101.190415
23.130000 99.573869 100.674849 101.362653
23.170000 99.799352 100.939940 101.608426
23.200000 100.062789 101.132801 101.791268
23.230000 100.229698 101.335845 101.986199
23.270000 100.639601 101.596028 102.203865
23.300000 100.884162 101.781160 102.377148
23.330000 101.174222 102.010757 102.550502
23.370000 101.627511 102.268976 102.775824
23.400000 102.016138 102.546298 102.958996
23.440000 102.490867 102.919497 103.323218
23.480000 102.868597 103.281106 103.638840
23.500000 103.087264 103.470671 103.838869
23.520000 103.252258 103.703948 104.018863
23.560000 104.016909 104.348208 104.841410
23.600000 104.439387 104.892017 105.355477
23.640000 104.956306 105.400989 105.941869
23.680000 105.262771 105.880297 106.426249
23.700000 105.467022 106.064765 106.599800
23.720000 105.662587 106.267261 106.762346
23.760000 106.050291 106.626785 107.125377
23.800000 106.389349 106.962562 107.612128
23.840000 106.918304 107.396414 108.048947
23.880000 107.264506 107.785950 108.437902
23.920000 107.713910 108.262564 108.711267
23.960000 108.084576 108.792338 109.244846
24.040000 109.092053 109.473421 109.869105
24.080000 109.411740 109.774345 110.247516
24.120000 109.571432 110.040537 110.539505
24.160000 109.847605 110.368931 110.939818
24.200000 110.122737 110.673622 111.184486
24.240000 110.347886 110.945825 111.556823
24.280000 110.695223 111.225999 111.869580
24.320000 111.122444 111.636807 112.180511
24.360000 111.449931 112.034103 112.684404
24.400000 111.856505 112.430189 113.091803
24.440000 112.330224 112.858615 113.466625
24.480000 112.798859 113.351823 113.968895
24.520000 113.328821 113.880892 114.474742
24.560000 113.768229 114.429953 114.992058
24.600000 114.198822 114.915196 115.532659
24.640000 114.796903 115.458852 116.092897
24.680000 115.346210 115.999791 116.581846
24.720000 115.936615 116.524868 117.054819
24.760000 116.456001 117.009204 117.591463
24.790000 116.772523 117.366628 117.984312
24.840000 117.436761 118.120789 118.846375
24.880000 117.969460 118.670436 119.402673
24.920000 118.432093 119.248898 120.026175
24.960000 118.928342 119.748761 120.580850
25.000000 119.340969 120.225161 121.204621
25.040000 119.817015 120.755086 121.814941
25.080000 120.281264 121.266715 122.283181
25.120000 120.824540 121.730778 122.642031
25.160000 121.324682 122.260650 123.119730
25.200000 121.813670 122.820647 123.678925
25.240000 122.274107 123.261585 124.104830
25.280000 122.706580 123.764507 124.817763
25.320000 123.251067 124.260234 125.358043
25.360000 123.633941 124.665680 125.910614
25.400000 124.054525 125.147529 126.444810
25.440000 124.596569 125.616815 126.820367
25.480000 125.088355 126.092381 127.126565
25.520000 125.757981 126.560459 127.544409
25.560000 126.192298 127.024426 127.923235
25.600000 126.712600 127.465991 128.303506
25.640000 127.260833 127.967047 128.814531
25.680000 127.686604 128.437246 129.104211
25.720000 128.370109 128.923404 129.421253
25.760000 128.898136 129.391143 129.917404
25.800000 129.462115 129.900630 130.440719
25.840000 130.009151 130.380699 130.896036
25.880000 130.354749 130.801666 131.228746
25.920000 130.632594 131.125945 131.520685
25.960000 130.903407 131.443676 131.805795
26.000000 131.200580 131.726796 132.066151
26.040000 131.513440 132.013190 132.335858
26.080000 131.830075 132.285630 132.605944
26.120000 132.226572 132.559363 132.888661
26.160000 132.475623 132.800314 133.132542
26.200000 132.709535 133.042854 133.322493
26.240000 132.980745 133.271614 133.561767
26.280000 133.207980 133.534338 133.778841
26.320000 133.410041 133.756610 133.981704
26.360000 133.755000 134.011187 134.246200
26.400000 134.056028 134.282199 134.542174
26.440000 134.311664 134.527910 134.876383
26.480000 134.534725 134.781991 135.081075
26.520000 134.732229 135.034110 135.406829
26.560000 135.019369 135.311442 135.712594
26.600000 135.268484 135.612774 136.028044
26.630000 135.526108 135.901371 136.279725
26.670000 135.903933 136.278119 136.658443
26.700000 136.148820 136.521070 136.954984
26.730000 136.413108 136.772482 137.170630
26.770000 136.709144 137.085176 137.574195
26.800000 136.936514 137.312736 137.834488
26.830000 137.137376 137.532999 138.085207
26.870000 137.336558 137.832026 138.341158
26.900000 137.575774 138.012700 138.544134
26.930000 137.794013 138.208219 138.957611
26.970000 137.979280 138.477409 139.284600
27.000000 138.165987 138.674288 139.546121
27.030000 138.343170 138.904088 139.726075
27.070000 138.602878 139.171981 140.079002
27.100000 138.792688 139.366874 140.443317
27.130000 138.984670 139.561050 140.682272
27.170000 139.244427 139.826526 140.948286
27.200000 139.441217 140.086663 141.216163
27.240000 139.674339 140.374222 141.562684
27.260000 139.857647 140.531159 141.778275
27.280000 140.019710 140.643020 141.946325
27.320000 140.261781 140.935368 142.147988
27.400000 140.634375 141.473322 142.538686
27.440000 140.832971 141.752458 142.827291
27.480000 141.152379 142.018286 143.087651
27.520000 141.388635 142.289389 143.385400
27.560000 141.645519 142.588072 143.546721
27.600000 141.836439 142.852661 143.893292
27.640000 142.070723 143.116404 144.167517
27.680000 142.330727 143.423258 144.442570
27.800000 143.064021 144.203121 145.295773
28.000000 144.059711 145.332699 146.590024
28.200000 145.043435 146.393368 147.702497
28.400000 146.090766 147.489607 148.720549
28.600000 147.280454 148.757489 149.874478
