age(kyr) mean(permil) sigma(permil)
0.000000 3.155075 0.143662
0.100000 3.154141 0.139316
0.200000 3.153206 0.134816
0.300000 3.152270 0.130143
0.400000 3.151312 0.125293
0.500000 3.150057 0.120434
0.600000 3.147891 0.116027
0.700000 3.144578 0.112380
0.800000 3.140243 0.109561
0.900000 3.135133 0.107582
1.000000 3.129872 0.106218
1.100000 3.125420 0.105480
1.200000 3.122497 0.105209
1.300000 3.120992 0.105235
1.400000 3.120748 0.105246
1.500000 3.121175 0.105076
1.600000 3.122104 0.104882
1.700000 3.123010 0.104711
1.800000 3.124021 0.104449
1.900000 3.124920 0.104059
2.000000 3.125995 0.103586
2.100000 3.127343 0.103213
2.200000 3.129011 0.102965
2.300000 3.130631 0.102782
2.400000 3.132421 0.102671
2.500000 3.134414 0.102490
2.600000 3.136248 0.102465
2.700000 3.137922 0.102453
2.800000 3.139631 0.102533
2.900000 3.141108 0.102608
3.000000 3.142031 0.102690
3.100000 3.142401 0.103020
3.200000 3.142105 0.103534
3.300000 3.141164 0.104157
3.400000 3.139843 0.104795
3.500000 3.138490 0.105432
3.600000 3.137219 0.106205
3.700000 3.136272 0.107179
3.800000 3.135925 0.108324
3.900000 3.136225 0.109600
4.000000 3.137186 0.110859
4.100000 3.139135 0.112231
4.200000 3.142120 0.113720
4.300000 3.145810 0.115123
4.400000 3.150123 0.116363
4.500000 3.154901 0.117417
4.600000 3.160549 0.118433
4.700000 3.166831 0.119297
4.800000 3.173756 0.119993
4.900000 3.181363 0.120572
5.000000 3.189469 0.120961
5.100000 3.198339 0.121415
5.200000 3.207849 0.121752
5.300000 3.217823 0.121915
5.400000 3.227850 0.121906
5.500000 3.238255 0.121665
5.600000 3.248388 0.121252
5.700000 3.258281 0.120695
5.800000 3.267849 0.120252
5.900000 3.277243 0.119957
6.000000 3.286234 0.119905
6.100000 3.294994 0.120384
6.200000 3.303649 0.121501
6.300000 3.312332 0.122987
6.400000 3.321098 0.124684
6.500000 3.330075 0.126555
6.600000 3.339714 0.128646
6.700000 3.349770 0.130646
6.800000 3.360577 0.132623
6.900000 3.371892 0.134537
7.000000 3.383585 0.136219
7.100000 3.395324 0.137840
7.200000 3.407186 0.139520
7.300000 3.418716 0.141243
7.400000 3.429772 0.143100
7.500000 3.440281 0.145183
7.600000 3.449835 0.147594
7.700000 3.458682 0.150451
7.800000 3.466967 0.153718
7.900000 3.474879 0.157345
8.000000 3.482346 0.161259
8.100000 3.489294 0.165508
8.200000 3.495964 0.169959
8.300000 3.502182 0.174646
8.400000 3.508047 0.179516
8.500000 3.513434 0.184491
8.600000 3.518174 0.189610
8.700000 3.521882 0.194876
8.800000 3.524929 0.200189
8.900000 3.527578 0.205505
9.000000 3.530043 0.210846
9.100000 3.532423 0.216243
9.200000 3.534696 0.221792
9.300000 3.537087 0.227607
9.400000 3.539557 0.233748
9.500000 3.542661 0.240257
9.600000 3.547014 0.247231
9.700000 3.552870 0.254627
9.800000 3.560129 0.262389
9.900000 3.568973 0.270473
10.000000 3.579195 0.278843
10.100000 3.591088 0.287461
10.200000 3.604691 0.296335
10.300000 3.619614 0.305591
10.400000 3.635623 0.315258
10.500000 3.652029 0.325199
10.600000 3.668600 0.335048
10.700000 3.685094 0.343941
10.800000 3.701176 0.350903
10.900000 3.716607 0.355473
11.000000 3.731472 0.357876
11.100000 3.745870 0.358393
11.200000 3.759623 0.357188
11.300000 3.773099 0.354474
11.400000 3.786500 0.350480
11.500000 3.800087 0.345489
11.600000 3.814189 0.339991
11.700000 3.828819 0.334283
11.800000 3.844152 0.328507
11.900000 3.860179 0.322909
12.000000 3.876646 0.317477
12.100000 3.893558 0.311836
12.200000 3.910911 0.305450
12.300000 3.928654 0.298379
12.400000 3.946306 0.291314
12.500000 3.963832 0.284585
12.600000 3.981053 0.278216
12.700000 3.998073 0.272521
12.800000 4.014665 0.268259
12.900000 4.030795 0.266034
13.000000 4.046668 0.266061
13.100000 4.061931 0.268286
13.200000 4.076403 0.272572
13.300000 4.090151 0.278442
13.400000 4.103233 0.285250
13.500000 4.115813 0.292217
13.600000 4.127972 0.298460
13.700000 4.140031 0.303334
13.800000 4.152312 0.306538
13.900000 4.165188 0.308071
14.000000 4.178564 0.308089
14.100000 4.192263 0.306878
14.200000 4.206802 0.304630
14.300000 4.221894 0.301569
14.400000 4.237447 0.297851
14.500000 4.253507 0.293596
14.600000 4.270384 0.288927
14.700000 4.287815 0.283779
14.800000 4.306052 0.278002
14.900000 4.325246 0.271276
15.000000 4.345483 0.263131
15.100000 4.367400 0.253324
15.200000 4.390983 0.241714
15.300000 4.416309 0.228680
15.400000 4.443111 0.215012
15.500000 4.471409 0.201517
15.600000 4.502020 0.188958
15.700000 4.534893 0.177638
15.800000 4.569339 0.167506
15.900000 4.604819 0.158172
16.000000 4.640842 0.149180
16.100000 4.676780 0.140934
16.200000 4.711976 0.133738
16.300000 4.745567 0.127711
16.400000 4.777088 0.122883
16.500000 4.806215 0.119469
16.600000 4.831322 0.117578
16.700000 4.851864 0.116947
16.800000 4.868226 0.116853
16.900000 4.881369 0.116852
17.000000 4.891927 0.116592
17.100000 4.900599 0.116222
17.200000 4.909104 0.116033
17.300000 4.918504 0.116125
17.400000 4.929101 0.116444
17.500000 4.940859 0.116739
17.600000 4.953771 0.117074
17.700000 4.967035 0.117196
17.800000 4.980405 0.116900
17.900000 4.993753 0.116265
18.000000 5.007197 0.115638
18.100000 5.020165 0.115640
18.200000 5.032025 0.116294
18.300000 5.042012 0.117297
18.400000 5.049537 0.118157
18.500000 5.053945 0.118619
18.600000 5.053767 0.118863
18.700000 5.048900 0.118959
18.800000 5.040347 0.118924
18.900000 5.029453 0.118626
19.000000 5.017321 0.118126
19.100000 5.005817 0.117497
19.200000 4.996210 0.116773
19.300000 4.989026 0.115933
19.400000 4.983933 0.114934
19.500000 4.981204 0.113677
19.600000 4.980178 0.112483
19.700000 4.980692 0.111204
19.800000 4.981951 0.109844
19.900000 4.983530 0.108392
20.000000 4.984565 0.106884
20.100000 4.984878 0.105516
20.200000 4.983594 0.104423
20.300000 4.981132 0.103484
20.400000 4.977830 0.102649
20.500000 4.973869 0.101969
20.600000 4.969167 0.101726
20.700000 4.964629 0.101833
20.800000 4.959614 0.102376
20.900000 4.954476 0.103128
21.000000 4.949706 0.103975
21.100000 4.946272 0.104936
21.200000 4.943967 0.105935
21.300000 4.943758 0.106559
21.400000 4.944896 0.106866
21.500000 4.946880 0.106810
21.600000 4.948871 0.106883
21.700000 4.950657 0.107061
21.800000 4.951770 0.107364
21.900000 4.952625 0.107761
22.000000 4.953122 0.108215
22.100000 4.952877 0.108938
22.200000 4.952091 0.109846
22.300000 4.950854 0.110851
22.400000 4.949069 0.111815
22.500000 4.946881 0.112666
22.600000 4.944692 0.113799
22.700000 4.942075 0.115119
22.800000 4.938543 0.116544
22.900000 4.934166 0.117855
23.000000 4.929159 0.119137
23.100000 4.922771 0.120625
23.200000 4.915860 0.122186
23.300000 4.908496 0.123480
23.400000 4.900598 0.124279
23.500000 4.892290 0.124226
23.600000 4.884766 0.123640
23.700000 4.877929 0.122702
23.800000 4.872402 0.121725
23.900000 4.868343 0.120748
24.000000 4.865699 0.119926
24.100000 4.864565 0.119611
24.200000 4.864369 0.120089
24.300000 4.864970 0.121277
24.400000 4.866227 0.123021
24.500000 4.867661 0.125159
24.600000 4.869103 0.127741
24.700000 4.870396 0.130474
24.800000 4.871361 0.132949
24.900000 4.872287 0.134809
25.000000 4.873181 0.135922
25.100000 4.873699 0.136376
25.200000 4.873368 0.136250
25.300000 4.872119 0.135388
25.400000 4.869181 0.133667
25.500000 4.864839 0.131230
25.600000 4.858359 0.128385
25.700000 4.850898 0.125469
25.800000 4.842680 0.122871
25.900000 4.834317 0.120858
26.000000 4.826015 0.119583
26.100000 4.818541 0.119542
26.200000 4.811223 0.120639
26.300000 4.804017 0.122677
26.400000 4.796999 0.125463
26.500000 4.789914 0.128742
26.600000 4.782357 0.132500
26.700000 4.774564 0.136507
26.800000 4.766733 0.140448
26.900000 4.758703 0.144012
27.000000 4.750809 0.146953
27.100000 4.743456 0.149470
27.200000 4.736726 0.151666
27.300000 4.730265 0.153772
27.400000 4.724103 0.156132
27.500000 4.718156 0.159050
27.600000 4.712226 0.162786
27.700000 4.706624 0.167409
27.800000 4.701604 0.172904
27.900000 4.697091 0.179045
28.000000 4.692958 0.185322
28.100000 4.689152 0.191379
28.200000 4.685436 0.196718
28.300000 4.681585 0.200965
28.400000 4.677525 0.203780
28.500000 4.673075 0.204860
28.600000 4.668589 0.204281
28.700000 4.663916 0.202223
28.800000 4.659264 0.199068
28.900000 4.654854 0.195227
29.000000 4.650964 0.191106
29.100000 4.648073 0.187326
29.200000 4.646400 0.184290
29.300000 4.645901 0.182177
29.400000 4.647001 0.180856
29.500000 4.649430 0.180170
29.600000 4.652546 0.180058
29.700000 4.656292 0.180504
29.800000 4.660127 0.181519
29.900000 4.662905 0.183169
30.000000 4.664561 0.185586
30.100000 4.665268 0.188941
30.200000 4.664401 0.193275
30.300000 4.662509 0.198443
30.400000 4.660396 0.204216
30.500000 4.658530 0.210267
30.600000 4.657015 0.216253
30.700000 4.656414 0.221788
30.800000 4.656535 0.226554
30.900000 4.657264 0.230290
31.000000 4.658270 0.232893
31.100000 4.659392 0.234347
31.200000 4.660671 0.234582
31.300000 4.661988 0.233571
31.400000 4.663175 0.231320
31.500000 4.663913 0.227852
31.600000 4.664349 0.223291
31.700000 4.664520 0.217759
31.800000 4.664391 0.211459
31.900000 4.663696 0.204604
32.000000 4.662544 0.197520
32.100000 4.660497 0.190594
32.200000 4.657684 0.183997
32.300000 4.654209 0.177862
32.400000 4.650242 0.172120
32.500000 4.646125 0.166690
32.600000 4.641852 0.161745
32.700000 4.637031 0.157446
32.800000 4.631545 0.153924
32.900000 4.625439 0.151187
33.000000 4.618785 0.149042
33.100000 4.611612 0.147698
33.200000 4.604151 0.147034
33.300000 4.596790 0.146765
33.400000 4.589721 0.146776
33.500000 4.582907 0.147115
33.600000 4.576454 0.147646
33.700000 4.569983 0.148546
33.800000 4.564044 0.149806
33.900000 4.558437 0.151258
34.000000 4.553257 0.152876
34.100000 4.548722 0.154791
34.200000 4.544782 0.157032
34.300000 4.541140 0.159485
34.400000 4.538164 0.162172
34.500000 4.535599 0.165098
34.600000 4.533272 0.168181
34.700000 4.531584 0.171376
34.800000 4.530187 0.174676
34.900000 4.528910 0.178047
35.000000 4.527747 0.181422
35.100000 4.526869 0.184841
35.200000 4.526181 0.188261
35.300000 4.525598 0.191669
35.400000 4.525017 0.195009
35.500000 4.524438 0.198282
35.600000 4.523859 0.201491
35.700000 4.523280 0.204639
35.800000 4.522702 0.207730
35.900000 4.522125 0.210767
36.000000 4.521549 0.213753
36.100000 4.520973 0.216690
36.200000 4.520398 0.219581
36.300000 4.519823 0.222428
36.400000 4.519249 0.225233
36.500000 4.518676 0.227999
36.600000 4.518103 0.230726
36.700000 4.517531 0.233418
36.800000 4.516959 0.236076
36.900000 4.516389 0.238702
37.000000 4.515818 0.241296
37.100000 4.515249 0.243859
37.200000 4.514680 0.246389
37.300000 4.514112 0.248884
37.400000 4.513544 0.251338
37.500000 4.512977 0.253749
37.600000 4.512411 0.256116
37.700000 4.511845 0.258439
37.800000 4.511280 0.260720
37.900000 4.510715 0.262962
38.000000 4.510151 0.265168
38.100000 4.509588 0.267341
38.200000 4.509025 0.269482
38.300000 4.508463 0.271592
38.400000 4.507902 0.273673
38.500000 4.507341 0.275727
38.600000 4.506781 0.277754
38.700000 4.506221 0.279755
38.800000 4.505662 0.281732
38.900000 4.505104 0.283686
39.000000 4.504546 0.285619
39.100000 4.503989 0.287531
39.200000 4.503433 0.289424
39.300000 4.502877 0.291300
39.400000 4.502321 0.293159
39.500000 4.501767 0.295003
39.600000 4.501213 0.296832
39.700000 4.500659 0.298646
39.800000 4.500106 0.300447
39.900000 4.499554 0.302235
40.000000 4.499003 0.304009
