age(kyr) mean(permil) sigma(permil)
0.000000 3.207219 0.238544
0.100000 3.281059 0.135550
0.200000 3.287074 0.113457
0.300000 3.283109 0.108754
0.400000 3.269892 0.102829
0.500000 3.267900 0.100116
0.600000 3.260956 0.100495
0.700000 3.257024 0.101247
0.800000 3.253330 0.100496
0.900000 3.250467 0.100289
1.000000 3.247826 0.100009
1.100000 3.245714 0.099942
1.200000 3.243741 0.099854
1.300000 3.240892 0.099313
1.400000 3.238841 0.099513
1.500000 3.236928 0.099741
1.600000 3.234986 0.099695
1.700000 3.233250 0.100033
1.800000 3.231499 0.100219
1.900000 3.229913 0.100609
2.000000 3.228562 0.101352
2.100000 3.226455 0.102125
2.200000 3.224452 0.103360
2.300000 3.222171 0.104148
2.400000 3.220010 0.104610
2.500000 3.217929 0.105288
2.600000 3.216965 0.105225
2.700000 3.215972 0.105648
2.800000 3.215312 0.105444
2.900000 3.215466 0.106176
3.000000 3.215691 0.106247
3.100000 3.214974 0.106958
3.200000 3.213047 0.107555
3.300000 3.210556 0.108069
3.400000 3.209771 0.108823
3.500000 3.207476 0.108805
3.600000 3.206286 0.108576
3.700000 3.204572 0.108835
3.800000 3.202112 0.108492
3.900000 3.202079 0.108838
4.000000 3.201118 0.108867
4.100000 3.203665 0.109223
4.200000 3.205176 0.109270
4.300000 3.207753 0.109381
4.400000 3.210245 0.109636
4.500000 3.211875 0.109866
4.600000 3.211322 0.109543
4.700000 3.213419 0.110232
4.800000 3.216083 0.111325
4.900000 3.216805 0.111221
5.000000 3.218490 0.111477
5.100000 3.221871 0.110000
5.200000 3.221354 0.108616
5.300000 3.221347 0.107548
5.400000 3.223681 0.106632
5.500000 3.224879 0.105973
5.600000 3.226275 0.105513
5.700000 3.228180 0.104989
5.800000 3.229059 0.104830
5.900000 3.230127 0.104718
6.000000 3.231962 0.104239
6.100000 3.233501 0.104173
6.200000 3.235317 0.104151
6.300000 3.237437 0.104169
6.400000 3.239879 0.104219
6.500000 3.242654 0.104295
6.600000 3.245764 0.104238
6.700000 3.249183 0.104337
6.800000 3.252931 0.104438
6.900000 3.256991 0.104538
7.000000 3.261344 0.104633
7.100000 3.265965 0.104723
7.200000 3.270829 0.104808
7.300000 3.275907 0.104891
7.400000 3.281178 0.104978
7.500000 3.286620 0.105073
7.600000 3.292217 0.105179
7.700000 3.297963 0.105300
7.800000 3.303853 0.105435
7.900000 3.309892 0.105583
8.000000 3.316088 0.105740
8.100000 3.322455 0.105899
8.200000 3.329006 0.106055
8.300000 3.335756 0.106201
8.400000 3.342717 0.106331
8.500000 3.349902 0.106441
8.600000 3.357320 0.106527
8.700000 3.364981 0.106588
8.800000 3.372892 0.106621
8.900000 3.381062 0.106629
9.000000 3.389502 0.106614
9.100000 3.398225 0.106577
9.200000 3.407247 0.106525
9.300000 3.416591 0.106463
9.400000 3.426285 0.106396
9.500000 3.436364 0.106332
9.600000 3.446865 0.106277
9.700000 3.457832 0.106239
9.800000 3.469304 0.106222
9.900000 3.481322 0.106232
10.000000 3.493916 0.106270
10.100000 3.507112 0.106337
10.200000 3.520927 0.106434
10.300000 3.535369 0.106559
10.400000 3.550436 0.106712
10.500000 3.566117 0.106892
10.600000 3.582392 0.107098
10.700000 3.599232 0.107327
10.800000 3.616594 0.107575
10.900000 3.634427 0.107835
11.000000 3.652668 0.108099
11.100000 3.671245 0.108356
11.200000 3.690079 0.108591
11.300000 3.709088 0.108794
11.400000 3.728189 0.108951
11.500000 3.747298 0.109054
11.600000 3.766339 0.109095
11.700000 3.785237 0.109071
11.800000 3.803925 0.108982
11.900000 3.822342 0.108831
12.000000 3.840436 0.108623
12.100000 3.858160 0.108368
12.200000 3.875481 0.108075
12.300000 3.892373 0.107755
12.400000 3.908824 0.107420
12.500000 3.924833 0.107080
12.600000 3.940412 0.106744
12.700000 3.955588 0.106422
12.800000 3.970396 0.106119
12.900000 3.984884 0.105840
13.000000 3.999111 0.105592
13.100000 4.013141 0.105376
13.200000 4.027047 0.105198
13.300000 4.040906 0.105061
13.400000 4.054801 0.104969
13.500000 4.068814 0.104924
13.600000 4.083027 0.104929
13.700000 4.097519 0.104985
13.800000 4.112366 0.105091
13.900000 4.127637 0.105245
14.000000 4.143393 0.105440
14.100000 4.159686 0.105671
14.200000 4.176561 0.105928
14.300000 4.194054 0.106203
14.400000 4.212195 0.106487
14.500000 4.231007 0.106773
14.600000 4.250512 0.107055
14.700000 4.270726 0.107329
14.800000 4.291666 0.107595
14.900000 4.313344 0.107853
15.000000 4.335770 0.108106
15.100000 4.358946 0.108358
15.200000 4.382861 0.108613
15.300000 4.407494 0.108874
15.400000 4.432804 0.109142
15.500000 4.458732 0.109416
15.600000 4.485199 0.109691
15.700000 4.512106 0.109961
15.800000 4.539338 0.110217
15.900000 4.566765 0.110449
16.000000 4.594251 0.110647
16.100000 4.621650 0.110800
16.200000 4.648817 0.110900
16.300000 4.675609 0.110939
16.400000 4.701889 0.110911
16.500000 4.727525 0.110815
16.600000 4.752395 0.110649
16.700000 4.776388 0.110415
16.800000 4.799402 0.110117
16.900000 4.821345 0.109760
17.000000 4.842136 0.109353
17.100000 4.861706 0.108904
17.200000 4.880001 0.108426
17.300000 4.896979 0.107927
17.400000 4.912617 0.107421
17.500000 4.926908 0.106919
17.600000 4.939864 0.106430
17.700000 4.951512 0.105964
17.800000 4.961898 0.105530
17.900000 4.971080 0.105133
18.000000 4.979129 0.104778
18.100000 4.986123 0.104468
18.200000 4.992146 0.104203
18.300000 4.997284 0.103982
18.400000 5.001621 0.103803
18.500000 5.005239 0.103662
18.600000 5.008214 0.103555
18.700000 5.010615 0.103480
18.800000 5.012503 0.103434
18.900000 5.013932 0.103413
19.000000 5.014945 0.103416
19.100000 5.015581 0.103439
19.200000 5.015871 0.103482
19.300000 5.015840 0.103542
19.400000 5.015510 0.103618
19.500000 5.014896 0.103708
19.600000 5.014011 0.103810
19.700000 5.012861 0.103921
19.800000 5.011452 0.104041
19.900000 5.009782 0.104166
20.000000 5.007851 0.104295
20.100000 5.005656 0.104426
20.200000 5.003192 0.104556
20.300000 5.000455 0.104684
20.400000 4.997442 0.104808
20.500000 4.994150 0.104925
20.600000 4.990576 0.105036
20.700000 4.986720 0.105137
20.800000 4.982582 0.105230
20.900000 4.978163 0.105312
21.000000 4.973465 0.105385
21.100000 4.968492 0.105449
21.200000 4.963252 0.105504
21.300000 4.957752 0.105551
21.400000 4.952007 0.105591
21.500000 4.946033 0.105622
21.600000 4.939849 0.105645
21.700000 4.933481 0.105659
21.800000 4.926958 0.105663
21.900000 4.920313 0.105654
22.000000 4.913583 0.105631
22.100000 4.906811 0.105592
22.200000 4.900041 0.105537
22.300000 4.893320 0.105463
22.400000 4.886697 0.105371
22.500000 4.880220 0.105262
22.600000 4.873938 0.105138
22.700000 4.867895 0.105001
22.800000 4.862133 0.104855
22.900000 4.856689 0.104704
23.000000 4.851595 0.104553
23.100000 4.846875 0.104405
23.200000 4.842548 0.104264
23.300000 4.838622 0.104134
23.400000 4.835098 0.104016
23.500000 4.831971 0.103913
23.600000 4.829226 0.103826
23.700000 4.826842 0.103754
23.800000 4.824793 0.103697
23.900000 4.823046 0.103655
24.000000 4.821568 0.103626
24.100000 4.820320 0.103610
24.200000 4.819264 0.103607
24.300000 4.818359 0.103618
24.400000 4.817568 0.103643
24.500000 4.816849 0.103685
24.600000 4.816167 0.103744
24.700000 4.815486 0.103823
24.800000 4.814773 0.103922
24.900000 4.813998 0.104041
25.000000 4.813133 0.104178
25.100000 4.812154 0.104333
25.200000 4.811039 0.104500
25.300000 4.809768 0.104678
25.400000 4.808324 0.104860
25.500000 4.806688 0.105043
25.600000 4.804843 0.105223
25.700000 4.802775 0.105396
25.800000 4.800464 0.105559
25.900000 4.797897 0.105711
26.000000 4.795054 0.105851
26.100000 4.791922 0.105978
26.200000 4.788484 0.106094
26.300000 4.784728 0.106200
26.400000 4.780643 0.106297
26.500000 4.776223 0.106388
26.600000 4.771465 0.106474
26.700000 4.766371 0.106557
26.800000 4.760950 0.106638
26.900000 4.755216 0.106716
27.000000 4.749190 0.106791
27.100000 4.742901 0.106862
27.200000 4.736380 0.106928
27.300000 4.729667 0.106986
27.400000 4.722805 0.107035
27.500000 4.715841 0.107072
27.600000 4.708824 0.107096
27.700000 4.701803 0.107102
27.800000 4.694829 0.107087
27.900000 4.687951 0.107047
28.000000 4.681216 0.106977
28.100000 4.674671 0.106875
28.200000 4.668357 0.106735
28.300000 4.662315 0.106559
28.400000 4.656584 0.106345
28.500000 4.651199 0.106098
28.600000 4.646199 0.105825
28.700000 4.641619 0.105535
28.800000 4.637499 0.105240
28.900000 4.633880 0.104954
29.000000 4.630802 0.104691
29.100000 4.628308 0.104466
29.200000 4.626430 0.104291
29.300000 4.625192 0.104175
29.400000 4.624599 0.104120
29.500000 4.624630 0.104123
29.600000 4.625241 0.104174
29.700000 4.626365 0.104260
29.800000 4.627917 0.104364
29.900000 4.629803 0.104466
30.000000 4.631927 0.104551
30.100000 4.634197 0.104606
30.200000 4.636528 0.104624
30.300000 4.638847 0.104601
30.400000 4.641086 0.104538
30.500000 4.643187 0.104441
30.600000 4.645094 0.104318
30.700000 4.646761 0.104181
30.800000 4.648145 0.104043
30.900000 4.649206 0.103916
31.000000 4.649913 0.103813
31.100000 4.650241 0.103743
31.200000 4.650173 0.103715
31.300000 4.649699 0.103730
31.400000 4.648823 0.103789
31.500000 4.647554 0.103887
31.600000 4.645914 0.104017
31.700000 4.643931 0.104168
31.800000 4.641641 0.104331
31.900000 4.639082 0.104496
32.000000 4.636296 0.104655
32.100000 4.633325 0.104803
32.200000 4.630210 0.104937
32.300000 4.626986 0.105056
32.400000 4.623688 0.105164
32.500000 4.620344 0.105263
32.600000 4.616978 0.105357
32.700000 4.613904 0.105741
32.800000 4.610957 0.106112
32.900000 4.608755 0.106968
33.000000 4.606457 0.107248
33.100000 4.603757 0.107440
33.200000 4.601024 0.107509
33.300000 4.598658 0.107495
33.400000 4.596411 0.107453
33.500000 4.593916 0.107971
33.600000 4.591773 0.107206
33.700000 4.589210 0.106995
33.800000 4.586874 0.106465
33.900000 4.584236 0.106188
34.000000 4.581698 0.105100
34.100000 4.577596 0.105691
34.200000 4.574082 0.105692
34.300000 4.570372 0.105573
34.400000 4.566277 0.105618
34.500000 4.562207 0.105376
34.600000 4.556952 0.105893
34.700000 4.550426 0.106775
34.800000 4.544283 0.107376
34.900000 4.536723 0.108221
35.000000 4.528522 0.109199
35.100000 4.519485 0.109151
35.200000 4.511244 0.109184
35.300000 4.502481 0.109103
35.400000 4.493948 0.108834
35.500000 4.485056 0.108524
35.600000 4.476277 0.108011
35.700000 4.467637 0.108120
35.800000 4.458843 0.107846
35.900000 4.450138 0.107671
36.000000 4.441646 0.107618
36.100000 4.433497 0.107705
36.200000 4.425731 0.107714
36.300000 4.418454 0.107647
36.400000 4.411771 0.107512
36.500000 4.405785 0.107320
36.600000 4.400592 0.107086
36.700000 4.396278 0.106828
36.800000 4.392921 0.106563
36.900000 4.390586 0.106312
37.000000 4.389323 0.106092
37.100000 4.389168 0.105921
37.200000 4.390143 0.105811
37.300000 4.392252 0.105771
37.400000 4.395485 0.105804
37.500000 4.399819 0.105908
37.600000 4.405212 0.106073
37.700000 4.411610 0.106285
37.800000 4.418946 0.106524
37.900000 4.427135 0.106768
38.000000 4.436082 0.106996
38.100000 4.445680 0.107187
38.200000 4.455815 0.107323
38.300000 4.466363 0.107393
38.400000 4.477201 0.107391
38.500000 4.488202 0.107313
38.600000 4.499243 0.107164
38.700000 4.510206 0.106952
38.800000 4.520978 0.106686
38.900000 4.531455 0.106381
39.000000 4.541542 0.106048
39.100000 4.551155 0.105702
39.200000 4.560219 0.105354
39.300000 4.568672 0.105018
39.400000 4.576466 0.104700
39.500000 4.583564 0.104409
39.600000 4.589942 0.104149
39.700000 4.595592 0.103921
39.800000 4.600516 0.103726
39.900000 4.604728 0.103560
40.000000 4.608255 0.103421
40.100000 4.611130 0.103304
40.200000 4.613394 0.103204
40.300000 4.615093 0.103116
40.400000 4.616276 0.103036
40.500000 4.616991 0.102962
40.600000 4.617289 0.102892
40.700000 4.617216 0.102826
40.800000 4.616817 0.102765
40.900000 4.616130 0.102711
41.000000 4.615192 0.102668
41.100000 4.614034 0.102639
41.200000 4.612683 0.102627
41.300000 4.611164 0.102635
41.400000 4.609496 0.102665
41.500000 4.607696 0.102718
41.600000 4.605779 0.102795
41.700000 4.603758 0.102893
41.800000 4.601645 0.103010
41.900000 4.599451 0.103142
42.000000 4.597184 0.103286
42.100000 4.594853 0.103435
42.200000 4.592465 0.103585
42.300000 4.590026 0.103731
42.400000 4.587538 0.103868
42.500000 4.585003 0.103992
42.600000 4.582417 0.104099
42.700000 4.579773 0.104189
42.800000 4.577061 0.104261
42.900000 4.574264 0.104313
43.000000 4.571364 0.104349
43.100000 4.568333 0.104369
43.200000 4.565143 0.104378
43.300000 4.561756 0.104380
43.400000 4.558134 0.104382
43.500000 4.554232 0.104389
43.600000 4.550005 0.104411
43.700000 4.545403 0.104456
43.800000 4.540377 0.104534
43.900000 4.534882 0.104653
44.000000 4.528872 0.104821
44.100000 4.522310 0.105043
44.200000 4.515166 0.105322
44.300000 4.507418 0.105655
44.400000 4.499057 0.106037
44.500000 4.490087 0.106458
44.600000 4.480526 0.106904
44.700000 4.470408 0.107356
44.800000 4.459782 0.107794
44.900000 4.448709 0.108198
45.000000 4.437267 0.108546
45.100000 4.425546 0.108818
45.200000 4.413647 0.108998
45.300000 4.401683 0.109072
45.400000 4.389773 0.109032
45.500000 4.378047 0.108874
45.600000 4.366638 0.108602
45.700000 4.355683 0.108225
45.800000 4.345322 0.107760
45.900000 4.335696 0.107229
46.000000 4.326941 0.106660
46.100000 4.319190 0.106083
46.200000 4.312569 0.105532
46.300000 4.307191 0.105040
46.400000 4.303158 0.104639
46.500000 4.300555 0.104353
46.600000 4.299445 0.104203
46.700000 4.299874 0.104199
46.800000 4.301860 0.104344
46.900000 4.305399 0.104630
47.000000 4.310463 0.105041
47.100000 4.317001 0.105556
47.200000 4.324939 0.106147
47.300000 4.334187 0.106783
47.400000 4.344636 0.107434
47.500000 4.356168 0.108072
47.600000 4.368650 0.108671
47.700000 4.381945 0.109210
47.800000 4.395909 0.109674
47.900000 4.410395 0.110052
48.000000 4.425253 0.110340
48.100000 4.439669 0.110716
48.200000 4.454765 0.110797
48.300000 4.469384 0.110926
48.400000 4.483914 0.110972
48.500000 4.497136 0.111524
48.600000 4.510422 0.111367
48.700000 4.522973 0.111268
48.800000 4.534708 0.110589
48.900000 4.545753 0.109706
49.000000 4.555806 0.109092
49.100000 4.564925 0.107984
49.200000 4.572956 0.107056
49.300000 4.579990 0.105737
49.400000 4.585772 0.105000
49.500000 4.590360 0.104412
49.600000 4.593921 0.103449
49.700000 4.596168 0.102976
49.800000 4.597301 0.102230
49.900000 4.597215 0.101795
50.000000 4.596002 0.101397
50.100000 4.593630 0.101491
50.200000 4.590231 0.101628
50.300000 4.585854 0.101801
50.400000 4.580556 0.102002
50.500000 4.574396 0.102222
50.600000 4.567432 0.102451
50.700000 4.559733 0.102685
50.800000 4.551430 0.102617
50.900000 4.542465 0.102847
51.000000 4.532971 0.103067
51.100000 4.523017 0.103274
51.200000 4.512675 0.103464
51.300000 4.502017 0.103637
51.400000 4.491114 0.103790
51.500000 4.480039 0.103923
51.600000 4.468863 0.104032
51.700000 4.457660 0.104116
51.800000 4.446506 0.104172
51.900000 4.435475 0.104198
52.000000 4.424646 0.104191
52.100000 4.414095 0.104152
52.200000 4.403899 0.104079
52.300000 4.394136 0.103976
52.400000 4.384878 0.103845
52.500000 4.376198 0.103691
52.600000 4.368162 0.103522
52.700000 4.360834 0.103344
52.800000 4.354271 0.103168
52.900000 4.348525 0.103003
53.000000 4.343639 0.102857
53.100000 4.339653 0.102739
53.200000 4.336596 0.102660
53.300000 4.334490 0.102624
53.400000 4.333346 0.102638
53.500000 4.333168 0.102703
53.600000 4.333946 0.102821
53.700000 4.335657 0.102987
53.800000 4.338266 0.103194
53.900000 4.341723 0.103433
54.000000 4.345962 0.103690
54.100000 4.350905 0.103952
54.200000 4.356461 0.104202
54.300000 4.362527 0.104426
54.400000 4.368995 0.104610
54.500000 4.375750 0.104744
54.600000 4.382676 0.104819
54.700000 4.389656 0.104831
54.800000 4.396578 0.104782
54.900000 4.403335 0.104674
55.000000 4.409823 0.104515
55.100000 4.415951 0.104314
55.200000 4.421630 0.104085
55.300000 4.426784 0.103839
55.400000 4.431344 0.103590
55.500000 4.435249 0.103352
55.600000 4.438450 0.103135
55.700000 4.440904 0.102950
55.800000 4.442580 0.102805
55.900000 4.443456 0.102707
56.000000 4.443519 0.102657
56.100000 4.442768 0.102660
56.200000 4.441211 0.102714
56.300000 4.438865 0.102819
56.400000 4.435755 0.102973
56.500000 4.431913 0.103172
56.600000 4.427379 0.103414
56.700000 4.422195 0.103697
56.800000 4.416408 0.104018
56.900000 4.410070 0.104378
57.000000 4.403234 0.104776
57.100000 4.395958 0.105211
57.200000 4.389629 0.106524
57.300000 4.382227 0.107686
57.400000 4.374982 0.109505
57.500000 4.368810 0.112194
57.600000 4.361914 0.113331
57.700000 4.355426 0.114026
57.800000 4.348256 0.113897
57.900000 4.340379 0.113599
58.000000 4.332927 0.113092
58.100000 4.326153 0.112255
58.200000 4.319617 0.111689
58.300000 4.313398 0.110126
58.400000 4.307559 0.108684
58.500000 4.302341 0.107811
58.600000 4.296746 0.106317
58.700000 4.292219 0.105348
58.800000 4.288700 0.105085
58.900000 4.286051 0.104669
59.000000 4.284382 0.103708
59.100000 4.283700 0.103163
59.200000 4.284113 0.102275
59.300000 4.285380 0.102296
59.400000 4.287750 0.101972
59.500000 4.291126 0.101711
59.600000 4.295283 0.101939
59.700000 4.300328 0.102209
59.800000 4.306219 0.102507
59.900000 4.312908 0.102817
60.000000 4.320342 0.103128
60.100000 4.328467 0.103431
60.200000 4.337225 0.103722
60.300000 4.346561 0.104000
60.400000 4.356418 0.104265
60.500000 4.366743 0.104520
60.600000 4.377482 0.104771
60.700000 4.388586 0.105023
60.800000 4.400005 0.105279
60.900000 4.411692 0.105544
61.000000 4.423601 0.105819
61.100000 4.435688 0.106102
61.200000 4.447909 0.106389
61.300000 4.460223 0.106674
61.400000 4.472585 0.106948
61.500000 4.484953 0.107198
61.600000 4.497283 0.107413
61.700000 4.509532 0.107578
61.800000 4.521652 0.107682
61.900000 4.533597 0.107712
62.000000 4.545319 0.107660
62.100000 4.556765 0.107520
62.200000 4.567885 0.107289
62.300000 4.578627 0.106968
62.400000 4.588936 0.106560
62.500000 4.598762 0.106073
62.600000 4.608056 0.105519
62.700000 4.616772 0.104912
62.800000 4.624871 0.104266
62.900000 4.632318 0.103601
63.000000 4.639090 0.102936
63.100000 4.645170 0.102287
63.200000 4.650550 0.101674
63.300000 4.655234 0.101110
63.400000 4.659233 0.100608
63.500000 4.662569 0.100174
63.600000 4.665272 0.099811
63.700000 4.667378 0.099520
63.800000 4.668928 0.099295
63.900000 4.669971 0.099131
64.000000 4.670553 0.099019
64.100000 4.670727 0.098950
64.200000 4.670542 0.098916
64.300000 4.670047 0.098910
64.400000 4.669291 0.098926
64.500000 4.668316 0.098960
64.600000 4.667164 0.099008
64.700000 4.665871 0.099067
64.800000 4.664467 0.099134
64.900000 4.662981 0.099207
65.000000 4.661433 0.099283
65.100000 4.659843 0.099359
65.200000 4.658222 0.099433
65.300000 4.656583 0.099500
65.400000 4.654930 0.099560
65.500000 4.653268 0.099610
65.600000 4.651596 0.099649
65.700000 4.649913 0.099680
65.800000 4.648213 0.099702
65.900000 4.646489 0.099720
66.000000 4.644729 0.099738
66.100000 4.642920 0.099759
66.200000 4.641043 0.099789
66.300000 4.639078 0.099832
66.400000 4.637001 0.099894
66.500000 4.634784 0.099976
66.600000 4.632399 0.100084
66.700000 4.629814 0.100219
66.800000 4.626994 0.100382
66.900000 4.623902 0.100574
67.000000 4.620500 0.100796
67.100000 4.616745 0.101047
67.200000 4.612596 0.101327
67.300000 4.608006 0.101634
67.400000 4.602928 0.101967
67.500000 4.597314 0.102328
67.600000 4.591115 0.102716
67.700000 4.584283 0.103131
67.800000 4.576772 0.103573
67.900000 4.568542 0.104045
68.000000 4.559554 0.104544
68.100000 4.549781 0.105072
68.200000 4.539200 0.105626
68.300000 4.527801 0.106205
68.400000 4.515583 0.106803
68.500000 4.502557 0.107418
68.600000 4.488746 0.108041
68.700000 4.474184 0.108665
68.800000 4.458917 0.109280
68.900000 4.442999 0.109875
69.000000 4.426496 0.110438
69.100000 4.409482 0.110952
69.200000 4.392037 0.111404
69.300000 4.374252 0.111775
69.400000 4.356223 0.112048
69.500000 4.338055 0.112210
69.600000 4.319859 0.112244
69.700000 4.301759 0.112141
69.800000 4.283890 0.111894
69.900000 4.266400 0.111503
70.000000 4.249455 0.110975
70.100000 4.233235 0.110325
70.200000 4.217935 0.109576
70.300000 4.203760 0.108758
70.400000 4.190918 0.107911
70.500000 4.179611 0.107076
70.600000 4.170022 0.106296
70.700000 4.162304 0.105612
70.800000 4.156567 0.105058
70.900000 4.152873 0.104657
71.000000 4.151228 0.104419
71.100000 4.151583 0.104337
71.200000 4.153838 0.104393
71.300000 4.157849 0.104556
71.400000 4.163437 0.104784
71.500000 4.170404 0.105036
71.600000 4.178535 0.105267
71.700000 4.187609 0.105440
71.800000 4.197407 0.105523
71.900000 4.207710 0.105495
72.000000 4.218301 0.105344
72.100000 4.228963 0.105071
72.200000 4.239480 0.104686
72.300000 4.249630 0.104212
72.400000 4.259190 0.103678
72.500000 4.267935 0.103123
72.600000 4.275644 0.102585
72.700000 4.282105 0.102106
72.800000 4.287124 0.101723
72.900000 4.290535 0.101466
73.000000 4.292203 0.101352
73.100000 4.292033 0.101391
73.200000 4.289970 0.101581
73.300000 4.285998 0.101909
73.400000 4.280136 0.102359
73.500000 4.272435 0.102910
73.600000 4.262971 0.103540
73.700000 4.251841 0.104226
73.800000 4.239159 0.104949
73.900000 4.225055 0.105687
74.000000 4.209671 0.106423
74.100000 4.193160 0.107135
74.200000 4.175685 0.107804
74.300000 4.157418 0.108409
74.400000 4.138537 0.108930
74.500000 4.119226 0.109346
74.600000 4.099671 0.109640
74.700000 4.080062 0.109796
74.800000 4.060588 0.109803
74.900000 4.041437 0.109655
75.000000 4.022797 0.109352
75.100000 4.004855 0.108901
75.200000 3.987793 0.108317
75.300000 3.971793 0.107625
75.400000 3.957030 0.106855
75.500000 3.943676 0.106045
75.600000 3.931887 0.105241
75.700000 3.921808 0.104489
75.800000 3.913558 0.103833
75.900000 3.907225 0.103313
76.000000 3.902863 0.102960
76.100000 3.900484 0.102791
76.200000 3.900057 0.102811
76.300000 3.901510 0.103007
76.400000 3.904738 0.103358
76.500000 3.909603 0.103830
76.600000 3.915948 0.104386
76.700000 3.923602 0.104985
76.800000 3.932385 0.105590
76.900000 3.942115 0.106164
77.000000 3.952613 0.106677
77.100000 3.963702 0.107103
77.200000 3.975212 0.107424
77.300000 3.986982 0.107627
77.400000 3.998856 0.107704
77.500000 4.010687 0.107654
77.600000 4.022339 0.107479
77.700000 4.033683 0.107188
77.800000 4.044603 0.106793
77.900000 4.054990 0.106309
78.000000 4.064747 0.105753
78.100000 4.073788 0.105147
78.200000 4.082037 0.104512
78.300000 4.089432 0.103869
78.400000 4.095917 0.103240
78.500000 4.101450 0.102645
78.600000 4.105999 0.102103
78.700000 4.109540 0.101627
78.800000 4.112061 0.101230
78.900000 4.113559 0.100919
79.000000 4.114039 0.100697
79.100000 4.113516 0.100563
79.200000 4.112014 0.100516
79.300000 4.109559 0.100548
79.400000 4.106188 0.100652
79.500000 4.101940 0.100821
79.600000 4.096855 0.101047
79.700000 4.090978 0.101321
79.800000 4.084354 0.101636
79.900000 4.077027 0.101986
80.000000 4.069041 0.102363
80.100000 4.060441 0.102760
80.200000 4.051271 0.103169
80.300000 4.041576 0.103580
80.400000 4.031399 0.103981
80.500000 4.020785 0.104362
80.600000 4.009779 0.104709
80.700000 3.998426 0.105011
80.800000 3.986770 0.105258
80.900000 3.974855 0.105441
81.000000 3.962728 0.105553
81.100000 3.950433 0.105590
81.200000 3.938016 0.105550
81.300000 3.925524 0.105435
81.400000 3.913001 0.105247
81.500000 3.900492 0.104994
81.600000 3.888042 0.104682
81.700000 3.875691 0.104324
81.800000 3.863478 0.103930
81.900000 3.851435 0.103515
82.000000 3.839588 0.103094
82.100000 3.827956 0.102682
82.200000 3.816548 0.102292
82.300000 3.805363 0.101938
82.400000 3.794393 0.101628
82.500000 3.783624 0.101367
82.600000 3.773036 0.101159
82.700000 3.762611 0.100999
82.800000 3.752332 0.100884
82.900000 3.742188 0.100805
83.000000 3.732176 0.100753
83.100000 3.722305 0.100718
83.200000 3.712594 0.100690
83.300000 3.703077 0.100658
83.400000 3.693798 0.100617
83.500000 3.684818 0.100558
83.600000 3.676208 0.100479
83.700000 3.668050 0.100379
83.800000 3.660439 0.100261
83.900000 3.653479 0.100130
84.000000 3.647281 0.099997
84.100000 3.641962 0.099875
84.200000 3.637642 0.099777
84.300000 3.634439 0.099722
84.400000 3.632469 0.099726
84.500000 3.631839 0.099805
84.600000 3.632645 0.099971
84.700000 3.634966 0.100234
84.800000 3.638862 0.100595
84.900000 3.644368 0.101052
85.000000 3.651492 0.101593
85.100000 3.660219 0.102203
85.200000 3.670502 0.102863
85.300000 3.682276 0.103548
85.400000 3.695455 0.104238
85.500000 3.709938 0.104912
85.600000 3.725616 0.105554
85.700000 3.742373 0.106155
85.800000 3.760091 0.106710
85.900000 3.778656 0.107222
86.000000 3.797951 0.107698
86.100000 3.817867 0.108148
86.200000 3.838294 0.108584
86.300000 3.859129 0.109017
86.400000 3.880270 0.109453
86.500000 3.901619 0.109894
86.600000 3.923084 0.110337
86.700000 3.944576 0.110773
86.800000 3.966009 0.111187
86.900000 3.987304 0.111560
87.000000 4.008389 0.111874
87.100000 4.029192 0.112108
87.200000 4.049650 0.112241
87.300000 4.069700 0.112258
87.400000 4.089278 0.112146
87.500000 4.108320 0.111897
87.600000 4.126758 0.111508
87.700000 4.144518 0.110983
87.800000 4.161516 0.110329
87.900000 4.177660 0.109562
88.000000 4.192850 0.108701
88.100000 4.206975 0.107772
88.200000 4.219919 0.106806
88.300000 4.231562 0.105836
88.400000 4.241785 0.104903
88.500000 4.250473 0.104047
88.600000 4.257524 0.103310
88.700000 4.262859 0.102729
88.800000 4.266422 0.102337
88.900000 4.268193 0.102157
89.000000 4.268189 0.102199
89.100000 4.266466 0.102460
89.200000 4.263116 0.102921
89.300000 4.258261 0.103554
89.400000 4.252045 0.104320
89.500000 4.244623 0.105173
89.600000 4.236152 0.106068
89.700000 4.226782 0.106961
89.800000 4.216653 0.107810
89.900000 4.205891 0.108582
90.000000 4.194606 0.109246
90.100000 4.182898 0.109780
90.200000 4.170859 0.110166
90.300000 4.158571 0.110391
90.400000 4.146118 0.110448
90.500000 4.133582 0.110334
90.600000 4.121050 0.110054
90.700000 4.108610 0.109616
90.800000 4.096358 0.109036
90.900000 4.084389 0.108336
91.000000 4.072801 0.107545
91.100000 4.061690 0.106693
91.200000 4.051142 0.105815
91.300000 4.041233 0.104948
91.400000 4.032022 0.104122
91.500000 4.023547 0.103368
91.600000 4.015825 0.102708
91.700000 4.008849 0.102156
91.800000 4.002594 0.101719
91.900000 3.997016 0.101398
92.000000 3.992059 0.101186
92.100000 3.987660 0.101073
92.200000 3.983749 0.101044
92.300000 3.980254 0.101083
92.400000 3.977106 0.101175
92.500000 3.974236 0.101304
92.600000 3.971580 0.101456
92.700000 3.969074 0.101621
92.800000 3.966659 0.101790
92.900000 3.964275 0.101957
93.000000 3.961866 0.102121
93.100000 3.959374 0.102283
93.200000 3.956743 0.102447
93.300000 3.953918 0.102618
93.400000 3.950850 0.102804
93.500000 3.947488 0.103010
93.600000 3.943792 0.103245
93.700000 3.939722 0.103515
93.800000 3.935247 0.103826
93.900000 3.930346 0.104180
94.000000 3.925001 0.104578
94.100000 3.919207 0.105021
94.200000 3.912962 0.105502
94.300000 3.906276 0.106016
94.400000 3.899164 0.106554
94.500000 3.891648 0.107105
94.600000 3.883756 0.107655
94.700000 3.875521 0.108190
94.800000 3.866981 0.108695
94.900000 3.858177 0.109155
95.000000 3.849155 0.109553
95.100000 3.839964 0.109876
95.200000 3.830654 0.110111
95.300000 3.821279 0.110246
95.400000 3.811895 0.110274
95.500000 3.802556 0.110188
95.600000 3.793322 0.109988
95.700000 3.784250 0.109675
95.800000 3.775397 0.109254
95.900000 3.766823 0.108735
96.000000 3.758580 0.108130
96.100000 3.750723 0.107454
96.200000 3.743299 0.106725
96.300000 3.736352 0.105962
96.400000 3.729922 0.105186
96.500000 3.724038 0.104419
96.600000 3.718726 0.103680
96.700000 3.714003 0.102987
96.800000 3.709878 0.102357
96.900000 3.706354 0.101801
97.000000 3.703426 0.101328
97.100000 3.701084 0.100941
97.200000 3.699309 0.100641
97.300000 3.698081 0.100423
97.400000 3.697370 0.100279
97.500000 3.697146 0.100200
97.600000 3.697375 0.100174
97.700000 3.698019 0.100187
97.800000 3.699040 0.100227
97.900000 3.700397 0.100280
98.000000 3.702052 0.100335
98.100000 3.703962 0.100382
98.200000 3.706088 0.100413
98.300000 3.708390 0.100423
98.400000 3.710828 0.100408
98.500000 3.713366 0.100367
98.600000 3.715963 0.100301
98.700000 3.718586 0.100212
98.800000 3.721197 0.100103
98.900000 3.723764 0.099980
99.000000 3.726256 0.099846
99.100000 3.728642 0.099709
99.200000 3.730897 0.099573
99.300000 3.732997 0.099443
99.400000 3.734921 0.099324
99.500000 3.736653 0.099219
99.600000 3.738177 0.099130
99.700000 3.739483 0.099061
99.800000 3.740563 0.099011
99.900000 3.741410 0.098980
100.000000 3.742020 0.098968
100.100000 3.742394 0.098973
100.200000 3.742532 0.098993
100.300000 3.742438 0.099025
100.400000 3.742120 0.099065
100.500000 3.741588 0.099111
100.600000 3.740853 0.099159
100.700000 3.739931 0.099208
100.800000 3.738838 0.099254
100.900000 3.737592 0.099297
101.000000 3.736216 0.099334
101.100000 3.734733 0.099364
101.200000 3.733174 0.099388
101.300000 3.731570 0.099407
101.400000 3.729960 0.099420
101.500000 3.728385 0.099431
101.600000 3.726898 0.099440
101.700000 3.725554 0.099453
101.800000 3.724420 0.099475
101.900000 3.723569 0.099512
102.000000 3.723079 0.099573
102.100000 3.723036 0.099671
102.200000 3.723523 0.099817
102.300000 3.724626 0.100025
102.400000 3.726425 0.100309
102.500000 3.728992 0.100678
102.600000 3.732389 0.101140
102.700000 3.736664 0.101695
102.800000 3.741847 0.102337
102.900000 3.747952 0.103052
103.000000 3.754973 0.103818
103.100000 3.762883 0.104608
103.200000 3.771640 0.105393
103.300000 3.781184 0.106138
103.400000 3.791442 0.106814
103.500000 3.802328 0.107391
103.600000 3.813745 0.107847
103.700000 3.825588 0.108163
103.800000 3.837742 0.108328
103.900000 3.850088 0.108336
104.000000 3.862501 0.108187
104.100000 3.874851 0.107889
104.200000 3.887007 0.107453
104.300000 3.898837 0.106897
104.400000 3.910212 0.106241
104.500000 3.921009 0.105511
104.600000 3.931110 0.104733
104.700000 3.940407 0.103936
104.800000 3.948806 0.103148
104.900000 3.956225 0.102396
105.000000 3.962598 0.101706
105.100000 3.967876 0.101099
105.200000 3.972028 0.100594
105.300000 3.975040 0.100203
105.400000 3.976917 0.099935
105.500000 3.977680 0.099792
105.600000 3.977368 0.099773
105.700000 3.976034 0.099870
105.800000 3.973746 0.100068
105.900000 3.970583 0.100352
106.000000 3.966638 0.100700
106.100000 3.962010 0.101089
106.200000 3.956807 0.101494
106.300000 3.951142 0.101892
106.400000 3.945133 0.102259
106.500000 3.938899 0.102573
106.600000 3.932564 0.102818
106.700000 3.926251 0.102979
106.800000 3.920083 0.103050
106.900000 3.914187 0.103029
107.000000 3.908686 0.102924
107.100000 3.903709 0.102748
107.200000 3.899381 0.102524
107.300000 3.895829 0.102282
107.400000 3.893179 0.102059
107.500000 3.891551 0.101892
107.600000 3.891054 0.101823
107.700000 3.891784 0.101884
107.800000 3.893817 0.102103
107.900000 3.897201 0.102493
108.000000 3.901954 0.103053
108.100000 3.908061 0.103765
108.200000 3.915474 0.104601
108.300000 3.924114 0.105520
108.400000 3.933875 0.106474
108.500000 3.944628 0.107416
108.600000 3.956228 0.108296
108.700000 3.968517 0.109072
108.800000 3.981328 0.109708
108.900000 3.994492 0.110173
109.000000 4.007839 0.110449
109.100000 4.021200 0.110525
109.200000 4.034415 0.110397
109.300000 4.047327 0.110074
109.400000 4.059792 0.109570
109.500000 4.071674 0.108907
109.600000 4.082850 0.108116
109.700000 4.093209 0.107232
109.800000 4.102653 0.106292
109.900000 4.111101 0.105339
110.000000 4.118483 0.104412
110.100000 4.124746 0.103549
110.200000 4.129854 0.102783
110.300000 4.133780 0.102139
110.400000 4.136516 0.101634
110.500000 4.138063 0.101275
110.600000 4.138435 0.101060
110.700000 4.137657 0.100979
110.800000 4.135766 0.101015
110.900000 4.132805 0.101148
111.000000 4.128827 0.101356
111.100000 4.123891 0.101614
111.200000 4.118063 0.101901
111.300000 4.111412 0.102201
111.400000 4.104010 0.102498
111.500000 4.095929 0.102783
111.600000 4.087242 0.103049
111.700000 4.078018 0.103295
111.800000 4.068327 0.103521
111.900000 4.058231 0.103730
112.000000 4.047792 0.103926
112.100000 4.037064 0.104113
112.200000 4.026099 0.104294
112.300000 4.014943 0.104474
112.400000 4.003642 0.104653
112.500000 3.992233 0.104834
112.600000 3.980754 0.105017
112.700000 3.969240 0.105202
112.800000 3.957722 0.105386
112.900000 3.946232 0.105568
113.000000 3.934798 0.105747
113.100000 3.923448 0.105918
113.200000 3.912209 0.106080
113.300000 3.901108 0.106229
113.400000 3.890170 0.106362
113.500000 3.879419 0.106473
113.600000 3.868878 0.106561
113.700000 3.858571 0.106622
113.800000 3.848519 0.106652
113.900000 3.838740 0.106651
114.000000 3.829253 0.106618
114.100000 3.820073 0.106551
114.200000 3.811213 0.106453
114.300000 3.802683 0.106326
114.400000 3.794490 0.106173
114.500000 3.786639 0.105999
114.600000 3.779134 0.105810
114.700000 3.771974 0.105614
114.800000 3.765160 0.105419
114.900000 3.759324 0.106730
115.000000 3.753242 0.106646
115.100000 3.747485 0.106567
115.200000 3.742815 0.108216
115.300000 3.737726 0.108317
115.400000 3.734312 0.111921
115.500000 3.731249 0.116842
115.600000 3.726923 0.117866
115.700000 3.724048 0.124108
115.800000 3.719663 0.126291
115.900000 3.715397 0.128085
116.000000 3.710525 0.127799
116.100000 3.705730 0.130388
116.200000 3.700567 0.136021
116.300000 3.694741 0.139518
116.400000 3.688248 0.141882
116.500000 3.680787 0.144049
116.600000 3.673461 0.144713
116.700000 3.665705 0.145109
116.800000 3.657367 0.145720
116.900000 3.648678 0.146057
117.000000 3.639763 0.143128
117.100000 3.628851 0.141263
117.200000 3.617474 0.139692
117.300000 3.606414 0.136541
117.400000 3.594192 0.135676
117.500000 3.582248 0.134092
117.600000 3.570237 0.134656
117.700000 3.558127 0.134775
117.800000 3.546008 0.134401
117.900000 3.533491 0.133876
118.000000 3.520169 0.134095
118.100000 3.507782 0.132445
118.200000 3.494051 0.132488
118.300000 3.480252 0.132474
118.400000 3.466430 0.132407
118.500000 3.452631 0.132288
118.600000 3.438899 0.132120
118.700000 3.425277 0.131908
118.800000 3.411805 0.131656
118.900000 3.398523 0.131370
119.000000 3.385465 0.131053
119.100000 3.372664 0.130712
119.200000 3.360151 0.130351
119.300000 3.347953 0.129975
119.400000 3.336093 0.129588
119.500000 3.324593 0.129197
119.600000 3.313470 0.128804
119.700000 3.302740 0.128413
119.800000 3.292413 0.128029
119.900000 3.282499 0.127653
120.000000 3.273004 0.127289
120.100000 3.263930 0.126939
120.200000 3.255277 0.126604
120.300000 3.247044 0.126286
120.400000 3.239225 0.125985
120.500000 3.231813 0.125702
120.600000 3.224801 0.125437
120.700000 3.218177 0.125190
120.800000 3.211929 0.124960
120.900000 3.206044 0.124747
121.000000 3.200508 0.124550
121.100000 3.195303 0.124367
121.200000 3.190414 0.124197
121.300000 3.185823 0.124037
121.400000 3.181513 0.123887
121.500000 3.177465 0.123745
121.600000 3.173663 0.123609
121.700000 3.170087 0.123478
121.800000 3.166722 0.123351
121.900000 3.163548 0.123226
122.000000 3.160550 0.123104
122.100000 3.157709 0.122984
122.200000 3.155010 0.122866
122.300000 3.152435 0.122750
122.400000 3.149967 0.122637
122.500000 3.147590 0.122528
122.600000 3.145287 0.122424
122.700000 3.143042 0.122325
122.800000 3.140837 0.122233
122.900000 3.138656 0.122148
123.000000 3.136485 0.122072
123.100000 3.134307 0.122005
123.200000 3.132107 0.121947
123.300000 3.129873 0.121899
123.400000 3.127590 0.121861
123.500000 3.125249 0.121831
123.600000 3.122838 0.121810
123.700000 3.120350 0.121796
123.800000 3.117776 0.121787
123.900000 3.115112 0.121784
124.000000 3.112355 0.121783
124.100000 3.109501 0.121782
124.200000 3.106552 0.121781
124.300000 3.103507 0.121778
124.400000 3.100370 0.121770
124.500000 3.097144 0.121757
124.600000 3.093836 0.121738
124.700000 3.090452 0.121712
124.800000 3.087000 0.121678
124.900000 3.083490 0.121638
125.000000 3.079932 0.121591
125.100000 3.076340 0.121538
125.200000 3.072725 0.121481
125.300000 3.069102 0.121421
125.400000 3.065487 0.121360
125.500000 3.061898 0.121300
125.600000 3.058352 0.121241
125.700000 3.054870 0.121188
125.800000 3.051472 0.121140
125.900000 3.048181 0.121099
126.000000 3.045020 0.121068
126.100000 3.042016 0.121047
126.200000 3.039193 0.121037
126.300000 3.036580 0.121039
126.400000 3.034205 0.121055
126.500000 3.032096 0.121084
126.600000 3.030285 0.121127
126.700000 3.028800 0.121185
126.800000 3.027673 0.121258
126.900000 3.026935 0.121346
127.000000 3.026616 0.121449
127.100000 3.026748 0.121569
127.200000 3.027358 0.121704
127.300000 3.028476 0.121856
127.400000 3.030130 0.122022
127.500000 3.032344 0.122203
127.600000 3.035143 0.122397
127.700000 3.038547 0.122603
127.800000 3.042574 0.122819
127.900000 3.047241 0.123042
128.000000 3.052559 0.123269
128.100000 3.058537 0.123498
128.200000 3.065182 0.123723
128.300000 3.072497 0.123943
128.400000 3.080481 0.124153
128.500000 3.089132 0.124350
128.600000 3.098445 0.124529
128.700000 3.108412 0.124689
128.800000 3.119025 0.124825
128.900000 3.130270 0.124934
129.000000 3.142134 0.125014
129.100000 3.154600 0.125061
129.200000 3.167650 0.125074
129.300000 3.181262 0.125050
129.400000 3.195414 0.124987
129.500000 3.210079 0.124884
129.600000 3.225230 0.124741
129.700000 3.240837 0.124558
129.800000 3.256870 0.124336
129.900000 3.273297 0.124079
130.000000 3.290087 0.123790
130.100000 3.307209 0.123475
130.200000 3.324635 0.123140
130.300000 3.342338 0.122792
130.400000 3.360295 0.122440
130.500000 3.378488 0.122092
130.600000 3.396901 0.121758
130.700000 3.415526 0.121445
130.800000 3.434358 0.121161
130.900000 3.453399 0.120912
131.000000 3.472655 0.120704
131.100000 3.492135 0.120537
131.200000 3.511854 0.120414
131.300000 3.531828 0.120334
131.400000 3.552076 0.120293
131.500000 3.572618 0.120287
131.600000 3.593472 0.120310
131.700000 3.614660 0.120356
131.800000 3.636200 0.120417
131.900000 3.658110 0.120486
132.000000 3.680405 0.120557
132.100000 3.703098 0.120622
132.200000 3.726200 0.120677
132.300000 3.749719 0.120716
132.400000 3.773659 0.120738
132.500000 3.798024 0.120741
132.600000 3.822816 0.120725
132.700000 3.848032 0.120692
132.800000 3.873670 0.120644
132.900000 3.899727 0.120585
133.000000 3.926193 0.120520
133.100000 3.953060 0.120451
133.200000 3.980315 0.120384
133.300000 4.007939 0.120322
133.400000 4.035911 0.120269
133.500000 4.064204 0.120229
133.600000 4.092788 0.120204
133.700000 4.121626 0.120196
133.800000 4.150677 0.120207
133.900000 4.179895 0.120238
134.000000 4.209232 0.120289
134.100000 4.238636 0.120361
134.200000 4.268054 0.120454
134.300000 4.297434 0.120566
134.400000 4.326724 0.120697
134.500000 4.355871 0.120845
134.600000 4.384827 0.121008
134.700000 4.413542 0.121183
134.800000 4.441970 0.121367
134.900000 4.470063 0.121555
135.000000 4.497776 0.121743
135.100000 4.525061 0.121927
135.200000 4.551874 0.122100
135.300000 4.578166 0.122258
135.400000 4.603890 0.122396
135.500000 4.628999 0.122507
135.600000 4.653446 0.122588
135.700000 4.677183 0.122634
135.800000 4.700166 0.122641
135.900000 4.722349 0.122607
136.000000 4.743692 0.122530
136.100000 4.764155 0.122409
136.200000 4.783703 0.122245
136.300000 4.802306 0.122039
136.400000 4.819936 0.121794
136.500000 4.836573 0.121512
136.600000 4.852200 0.121197
136.700000 4.866804 0.120855
136.800000 4.880382 0.120491
136.900000 4.892933 0.120112
137.000000 4.904466 0.119725
137.100000 4.914992 0.119337
137.200000 4.924534 0.118954
137.300000 4.933117 0.118583
137.400000 4.940773 0.118230
137.500000 4.947541 0.117899
137.600000 4.953464 0.117594
137.700000 4.958587 0.117317
137.800000 4.962960 0.117069
137.900000 4.966634 0.116851
138.000000 4.969660 0.116663
138.100000 4.972089 0.116503
138.200000 4.973971 0.116370
138.300000 4.975354 0.116264
138.400000 4.976283 0.116183
138.500000 4.976800 0.116126
138.600000 4.976944 0.116092
138.700000 4.976750 0.116080
138.800000 4.976251 0.116089
138.900000 4.975477 0.116120
139.000000 4.974454 0.116171
139.100000 4.973208 0.116242
139.200000 4.971760 0.116330
139.300000 4.970133 0.116436
139.400000 4.968348 0.116557
139.500000 4.966423 0.116691
139.600000 4.964380 0.116835
139.700000 4.962237 0.116987
139.800000 4.960014 0.117143
139.900000 4.957728 0.117301
140.000000 4.955400 0.117457
140.100000 4.953044 0.117609
140.200000 4.950678 0.117753
140.300000 4.948316 0.117887
140.400000 4.945972 0.118008
140.500000 4.943657 0.118116
140.600000 4.941381 0.118209
140.700000 4.939151 0.118285
140.800000 4.936973 0.118346
140.900000 4.934849 0.118392
141.000000 4.932780 0.118422
141.100000 4.930762 0.118439
141.200000 4.928789 0.118445
141.300000 4.926852 0.118442
141.400000 4.924942 0.118432
141.500000 4.923043 0.118420
141.600000 4.921141 0.118409
141.700000 4.919220 0.118403
141.800000 4.917263 0.118405
141.900000 4.915251 0.118421
142.000000 4.913170 0.118455
142.100000 4.911001 0.118511
142.200000 4.908730 0.118592
142.300000 4.906344 0.118703
142.400000 4.903829 0.118846
142.500000 4.901175 0.119024
142.600000 4.898374 0.119236
142.700000 4.895418 0.119484
142.800000 4.892304 0.119766
142.900000 4.889030 0.120080
143.000000 4.885597 0.120424
143.100000 4.882006 0.120793
143.200000 4.878263 0.121184
143.300000 4.874375 0.121593
143.400000 4.870350 0.122013
143.500000 4.866198 0.122442
143.600000 4.861929 0.122874
143.700000 4.857557 0.123306
143.800000 4.853092 0.123734
143.900000 4.848549 0.124156
144.000000 4.843940 0.124570
144.100000 4.839277 0.124975
144.200000 4.834571 0.125371
144.300000 4.829835 0.125759
144.400000 4.825078 0.126138
144.500000 4.820309 0.126512
144.600000 4.815535 0.126881
144.700000 4.810763 0.127248
144.800000 4.805996 0.127616
144.900000 4.801238 0.127987
145.000000 4.796490 0.128364
145.100000 4.791754 0.128751
145.200000 4.787027 0.129149
145.300000 4.782309 0.129562
145.400000 4.777596 0.129994
145.500000 4.772884 0.130446
145.600000 4.768168 0.130924
145.700000 4.763444 0.131430
145.800000 4.758707 0.131970
145.900000 4.753949 0.132548
146.000000 4.749166 0.133170
146.100000 4.744352 0.133843
146.200000 4.739501 0.134575
146.300000 4.735130 0.137673
146.400000 4.730558 0.138814
146.500000 4.728284 0.146040
146.600000 4.724166 0.149010
146.700000 4.720982 0.154015
146.800000 4.716359 0.156213
146.900000 4.711227 0.158444
147.000000 4.706669 0.162360
147.100000 4.702544 0.166237
147.200000 4.698549 0.171654
147.300000 4.694283 0.174736
147.400000 4.689785 0.179391
147.500000 4.685930 0.186417
147.600000 4.683556 0.188885
147.700000 4.683942 0.196689
147.800000 4.682449 0.197660
147.900000 4.681417 0.198215
148.000000 4.680172 0.197462
148.100000 4.681329 0.207694
148.200000 4.680096 0.212331
148.300000 4.681316 0.220459
148.400000 4.680189 0.225178
148.500000 4.680147 0.230697
148.600000 4.683331 0.240614
148.700000 4.684974 0.245798
148.800000 4.686589 0.251084
148.900000 4.688843 0.257520
149.000000 4.691749 0.265223
149.100000 4.703798 0.251786
149.200000 4.718307 0.239873
149.300000 4.734048 0.227153
149.400000 4.750557 0.213779
149.500000 4.768517 0.199105
149.600000 4.746787 0.222902
149.700000 4.723913 0.248483
149.800000 4.700845 0.276119
149.900000 4.675244 0.301748
150.000000 4.649916 0.328696
