depth(m) lower_95(kyr) lower_68(kyr) median(kyr) mean(kyr) upper_68(kyr) upper_95(kyr)
0.015000 0.008023 0.053725 0.163461 0.182173 0.308494 0.444687
0.056667 0.164049 0.248492 0.365451 0.380549 0.519035 0.663888
0.098333 0.332145 0.430678 0.552481 0.569299 0.715120 0.866243
0.140000 0.527482 0.604835 0.736914 0.752281 0.890317 1.071891
0.187500 0.704608 0.814116 0.944168 0.957630 1.096949 1.297952
0.235000 0.903615 1.022276 1.166986 1.179183 1.332336 1.536178
0.281000 1.107878 1.258759 1.449918 1.503989 1.763395 2.151488
0.327000 1.335504 1.533033 1.834732 1.886528 2.273107 2.607728
0.373000 1.611209 1.877571 2.295504 2.288957 2.674666 2.927020
0.419000 2.014150 2.371615 2.716154 2.691486 2.993524 3.220848
0.465000 2.530170 2.847938 3.072699 3.062371 3.295347 3.495379
0.510000 2.834029 3.100470 3.340504 3.327572 3.556428 3.781527
0.555000 3.084012 3.333408 3.573027 3.571432 3.808380 4.055375
0.600000 3.368019 3.572444 3.823087 3.827168 4.073975 4.319661
0.645000 3.656724 3.887191 4.130924 4.134409 4.380712 4.658882
0.693333 4.090048 4.392055 4.777842 4.818080 5.271903 5.665350
0.741667 4.569533 5.025487 5.550612 5.544961 6.037339 6.541916
0.790000 5.263659 5.748358 6.265870 6.287329 6.819610 7.312755
0.838333 6.063436 6.557142 7.044764 7.040533 7.533604 7.987977
0.886667 6.995348 7.341948 7.801763 7.782241 8.192629 8.565956
0.935000 8.108059 8.316889 8.537646 8.556473 8.812301 9.065183
0.975000 8.586396 8.855665 9.211228 9.209134 9.540567 9.843054
1.015000 9.151001 9.510628 9.886338 9.871887 10.227076 10.588599
1.055000 9.881256 10.160849 10.508235 10.514835 10.869875 11.197527
1.095000 10.665468 10.928627 11.187950 11.164611 11.387493 11.560626
1.120000 10.940385 11.180203 11.422260 11.399274 11.600397 11.769122
1.145000 11.215248 11.407944 11.610793 11.598795 11.784102 11.926711
1.180000 11.462953 11.647979 11.817240 11.814424 11.991293 12.132789
1.215000 11.662531 11.855008 12.011324 12.008819 12.170248 12.304576
1.255000 11.877781 12.063470 12.227603 12.220209 12.375999 12.490786
1.285000 12.030763 12.233463 12.387370 12.384851 12.539588 12.687745
1.315000 12.209474 12.404353 12.568425 12.562365 12.717722 12.903081
1.361000 12.458053 12.671276 12.886762 12.925674 13.193993 13.584153
1.407000 12.710771 12.975429 13.281360 13.317651 13.700171 14.029243
1.453000 13.024661 13.326254 13.717405 13.713554 14.097747 14.357466
1.499000 13.428116 13.740047 14.130329 14.089493 14.404765 14.602722
1.545000 13.957397 14.228815 14.470206 14.449332 14.681411 14.819626
1.585000 14.220343 14.503528 14.714479 14.688872 14.882456 15.013980
1.625000 14.523596 14.756347 14.914768 14.906743 15.077754 15.201251
1.660000 14.744094 14.927989 15.090079 15.080921 15.235274 15.368416
1.695000 14.946740 15.097622 15.250093 15.244119 15.392142 15.538526
1.730000 15.127525 15.259829 15.402370 15.405040 15.549443 15.689930
1.775000 15.293719 15.438274 15.580852 15.579931 15.722173 15.855828
1.820000 15.488090 15.618524 15.757498 15.756592 15.896827 16.039439
1.865000 15.659294 15.794053 15.929284 15.929891 16.064751 16.198646
1.902500 15.823513 15.948328 16.078016 16.079375 16.212700 16.351396
1.940000 15.968458 16.091743 16.220074 16.225656 16.359027 16.485388
1.977500 16.116230 16.240233 16.366275 16.371567 16.505111 16.637839
2.015000 16.268198 16.388447 16.514869 16.519051 16.649670 16.783933
2.056667 16.434818 16.557905 16.685661 16.686040 16.812144 16.933972
2.098333 16.576886 16.718005 16.848622 16.849643 16.978707 17.113619
2.140000 16.753246 16.879731 17.010195 17.013320 17.148852 17.259339
2.181667 16.919699 17.046789 17.178086 17.178669 17.304863 17.428095
2.223333 17.080747 17.220888 17.344362 17.343080 17.469744 17.581751
2.265000 17.246596 17.385038 17.507284 17.505328 17.626528 17.741949
2.315000 17.453192 17.589422 17.709486 17.703559 17.813659 17.923711
2.360000 17.646495 17.786297 17.892930 17.892755 18.001277 18.122924
2.405000 17.864373 17.982403 18.085054 18.085147 18.184576 18.305634
2.435000 18.011460 18.123453 18.224813 18.231998 18.341577 18.484662
2.465000 18.155946 18.268997 18.370598 18.380658 18.497388 18.663868
2.498333 18.305990 18.411426 18.526993 18.535166 18.655338 18.838297
2.531667 18.442899 18.562770 18.678757 18.690332 18.825977 18.991760
2.565000 18.593233 18.710283 18.831971 18.851469 19.006685 19.171462
2.609000 18.769803 18.905798 19.067091 19.086097 19.275546 19.495876
2.653000 18.968098 19.118943 19.309624 19.332509 19.548511 19.801812
2.697000 19.185678 19.356474 19.556648 19.581234 19.820951 20.043489
2.741000 19.426718 19.598339 19.825876 19.833234 20.072287 20.285203
2.785000 19.667077 19.856479 20.079650 20.076027 20.300258 20.478361
2.825000 19.844425 20.046574 20.264971 20.264890 20.494932 20.673635
2.865000 20.038683 20.228567 20.447678 20.449792 20.664901 20.851434
2.915000 20.255482 20.469273 20.700952 20.702566 20.942389 21.163959
2.965000 20.522376 20.726012 20.967626 20.969954 21.211633 21.426545
3.015000 20.813545 21.022113 21.252335 21.255830 21.488266 21.687758
3.065000 21.149638 21.350785 21.576620 21.566266 21.775388 21.951588
3.105000 21.397827 21.628670 21.858986 21.854118 22.076398 22.304501
3.145000 21.698963 21.924719 22.167151 22.161447 22.392340 22.595823
3.190714 21.948193 22.192552 22.516686 22.511796 22.821138 23.174855
3.236429 22.208020 22.472035 22.840851 22.843898 23.205997 23.558665
3.282143 22.432822 22.750432 23.170549 23.158421 23.559506 23.893184
3.327857 22.734678 23.070413 23.492438 23.472047 23.858842 24.185312
3.373571 23.071229 23.418079 23.795278 23.779915 24.136678 24.447683
3.419286 23.447548 23.787326 24.084523 24.079455 24.393219 24.655175
3.465000 23.949918 24.159164 24.391825 24.402366 24.661837 24.906367
3.513000 24.221228 24.446566 24.723176 24.736750 25.025617 25.350271
3.561000 24.489365 24.750209 25.053265 25.071298 25.398257 25.754351
3.609000 24.790294 25.069905 25.385588 25.399251 25.746987 26.103135
3.657000 25.123900 25.444791 25.717283 25.743984 26.070403 26.429476
3.705000 25.572157 25.828572 26.089124 26.112533 26.405852 26.717897
3.755000 25.885096 26.188672 26.498714 26.522150 26.884144 27.206553
3.805000 26.227171 26.552928 26.942399 26.940271 27.325403 27.736599
3.855000 26.662264 27.017970 27.364939 27.370656 27.733913 28.072727
3.905000 27.271957 27.517022 27.791663 27.804850 28.110505 28.431238
3.953000 27.612275 27.879369 28.209569 28.223283 28.577451 28.939302
4.001000 27.936116 28.252726 28.625896 28.633367 29.020607 29.360890
4.049000 28.318221 28.682462 29.075183 29.042714 29.406537 29.643929
4.097000 28.758189 29.173059 29.495887 29.452852 29.717938 29.905272
4.145000 29.432827 29.685409 29.879665 29.857443 30.031212 30.192604
4.185000 29.694232 29.970819 30.155231 30.166484 30.377851 30.613023
4.225000 30.030146 30.246848 30.473843 30.484026 30.742586 30.988577
4.271667 30.288315 30.543609 30.881840 30.910993 31.281227 31.722019
4.318333 30.550264 30.874613 31.318254 31.344984 31.831338 32.280146
4.365000 30.839741 31.223844 31.768924 31.761738 32.258987 32.775409
4.411667 31.191946 31.634657 32.179300 32.170805 32.667671 33.154910
4.458333 31.598162 32.065222 32.611606 32.579379 33.071547 33.499131
4.505000 32.020718 32.479530 33.004521 32.975441 33.448034 33.798065
4.543750 32.337503 32.744724 33.294567 33.267604 33.756385 34.131744
4.582500 32.640214 33.008754 33.559391 33.545389 34.051515 34.424755
4.621250 32.907213 33.253744 33.845343 33.816083 34.351036 34.711816
4.660000 33.164897 33.507531 34.103655 34.081072 34.656938 34.973991
