age(kyr) mean(permil) sigma(permil)
0.000000 3.179715 0.114955
0.100000 3.176456 0.111088
0.200000 3.173257 0.107468
0.300000 3.170119 0.104116
0.400000 3.167045 0.101047
0.500000 3.164037 0.098277
0.600000 3.161099 0.095817
0.700000 3.158239 0.093672
0.800000 3.155468 0.091842
0.900000 3.152806 0.090314
1.000000 3.150279 0.089069
1.100000 3.147918 0.088079
1.200000 3.145753 0.087314
1.300000 3.143808 0.086741
1.400000 3.142096 0.086330
1.500000 3.140620 0.086051
1.600000 3.139373 0.085879
1.700000 3.138345 0.085792
1.800000 3.137523 0.085775
1.900000 3.136901 0.085813
2.000000 3.136468 0.085896
2.100000 3.136220 0.086019
2.200000 3.136148 0.086177
2.300000 3.136244 0.086369
2.400000 3.136499 0.086594
2.500000 3.136904 0.086852
2.600000 3.137449 0.087145
2.700000 3.138127 0.087474
2.800000 3.138931 0.087842
2.900000 3.139855 0.088253
3.000000 3.140898 0.088709
3.100000 3.142065 0.089215
3.200000 3.143364 0.089771
3.300000 3.144813 0.090379
3.400000 3.146432 0.091039
3.500000 3.148247 0.091748
3.600000 3.150287 0.092503
3.700000 3.152580 0.093302
3.800000 3.155159 0.094139
3.900000 3.158055 0.095009
4.000000 3.161296 0.095907
4.100000 3.164906 0.096826
4.200000 3.168902 0.097762
4.300000 3.173296 0.098707
4.400000 3.178093 0.099655
4.500000 3.183295 0.100602
4.600000 3.188897 0.101545
4.700000 3.194892 0.102481
4.800000 3.201267 0.103409
4.900000 3.208005 0.104333
5.000000 3.215083 0.105255
5.100000 3.222475 0.106180
5.200000 3.230154 0.107116
5.300000 3.238089 0.108070
5.400000 3.246247 0.109055
5.500000 3.254594 0.110079
5.600000 3.263099 0.111156
5.700000 3.271731 0.112297
5.800000 3.280463 0.113513
5.900000 3.289271 0.114813
6.000000 3.298135 0.116205
6.100000 3.307036 0.117694
6.200000 3.315961 0.119285
6.300000 3.324897 0.120980
6.400000 3.333832 0.122780
6.500000 3.342755 0.124685
6.600000 3.351652 0.126694
6.700000 3.360505 0.128805
6.800000 3.369295 0.131018
6.900000 3.377999 0.133334
7.000000 3.386594 0.135754
7.100000 3.395057 0.138280
7.200000 3.403366 0.140918
7.300000 3.411502 0.143672
7.400000 3.419450 0.146548
7.500000 3.427200 0.149552
7.600000 3.434745 0.152690
7.700000 3.442083 0.155967
7.800000 3.449215 0.159388
7.900000 3.456147 0.162953
8.000000 3.462887 0.166664
8.100000 3.469445 0.170523
8.200000 3.475835 0.174528
8.300000 3.482072 0.178678
8.400000 3.488173 0.182967
8.500000 3.494162 0.187380
8.600000 3.500064 0.191896
8.700000 3.505909 0.196483
8.800000 3.511732 0.201107
8.900000 3.517571 0.205745
9.000000 3.523467 0.210393
9.100000 3.529467 0.215075
9.200000 3.535619 0.219828
9.300000 3.541971 0.224668
9.400000 3.548573 0.229576
9.500000 3.555469 0.234519
9.600000 3.562704 0.239475
9.700000 3.570316 0.244450
9.800000 3.578339 0.249488
9.900000 3.586801 0.254686
10.000000 3.595724 0.260182
10.100000 3.605119 0.266065
10.200000 3.614993 0.272303
10.300000 3.625343 0.278748
10.400000 3.636158 0.285267
10.500000 3.647423 0.291784
10.600000 3.659121 0.298212
10.700000 3.671229 0.304401
10.800000 3.683726 0.310134
10.900000 3.696587 0.315193
11.000000 3.709793 0.319437
11.100000 3.723325 0.322752
11.200000 3.737167 0.324954
11.300000 3.751307 0.325853
11.400000 3.765736 0.325435
11.500000 3.780444 0.323783
11.600000 3.795424 0.320929
11.700000 3.810666 0.316983
11.800000 3.826160 0.312228
11.900000 3.841890 0.306913
12.000000 3.857839 0.301298
12.100000 3.873989 0.295772
12.200000 3.890317 0.290693
12.300000 3.906803 0.286158
12.400000 3.923427 0.282042
12.500000 3.940170 0.278300
12.600000 3.957017 0.275218
12.700000 3.973956 0.273088
12.800000 3.990978 0.272016
12.900000 4.008079 0.272056
13.000000 4.025257 0.273207
13.100000 4.042518 0.275350
13.200000 4.059870 0.278294
13.300000 4.077325 0.281819
13.400000 4.094904 0.285631
13.500000 4.112628 0.289422
13.600000 4.130524 0.292961
13.700000 4.148620 0.296077
13.800000 4.166943 0.298613
13.900000 4.185521 0.300432
14.000000 4.204381 0.301442
14.100000 4.223548 0.301608
14.200000 4.243045 0.300944
14.300000 4.262894 0.299502
14.400000 4.283112 0.297362
14.500000 4.303713 0.294607
14.600000 4.324708 0.291299
14.700000 4.346108 0.287451
14.800000 4.367920 0.283013
14.900000 4.390147 0.277862
15.000000 4.412784 0.271836
15.100000 4.435824 0.264775
15.200000 4.459251 0.256576
15.300000 4.483039 0.247240
15.400000 4.507154 0.236908
15.500000 4.531553 0.225889
15.600000 4.556179 0.214635
15.700000 4.580968 0.203616
15.800000 4.605843 0.193108
15.900000 4.630715 0.183134
16.000000 4.655484 0.173629
16.100000 4.680042 0.164577
16.200000 4.704275 0.156088
16.300000 4.728068 0.148369
16.400000 4.751308 0.141575
16.500000 4.773894 0.135699
16.600000 4.795735 0.130608
16.700000 4.816756 0.126130
16.800000 4.836901 0.122097
16.900000 4.856134 0.118376
17.000000 4.874438 0.114897
17.100000 4.891811 0.111677
17.200000 4.908262 0.108810
17.300000 4.923803 0.106382
17.400000 4.938445 0.104402
17.500000 4.952192 0.102832
17.600000 4.965040 0.101615
17.700000 4.976971 0.100690
17.800000 4.987964 0.100037
17.900000 4.997985 0.099707
18.000000 5.006994 0.099788
18.100000 5.014950 0.100279
18.200000 5.021812 0.101069
18.300000 5.027549 0.102018
18.400000 5.032145 0.103001
18.500000 5.035603 0.103903
18.600000 5.037950 0.104641
18.700000 5.039239 0.105191
18.800000 5.039554 0.105563
18.900000 5.039002 0.105782
19.000000 5.037713 0.105867
19.100000 5.035831 0.105813
19.200000 5.033496 0.105589
19.300000 5.030839 0.105145
19.400000 5.027970 0.104441
19.500000 5.024977 0.103460
19.600000 5.021923 0.102202
19.700000 5.018848 0.100656
19.800000 5.015779 0.098808
19.900000 5.012727 0.096681
20.000000 5.009695 0.094342
20.100000 5.006685 0.091877
20.200000 5.003698 0.089378
20.300000 5.000740 0.086928
20.400000 4.997819 0.084592
20.500000 4.994948 0.082420
20.600000 4.992145 0.080449
20.700000 4.989428 0.078706
20.800000 4.986812 0.077206
20.900000 4.984308 0.075957
21.000000 4.981918 0.074961
21.100000 4.979634 0.074216
21.200000 4.977442 0.073721
21.300000 4.975316 0.073474
21.400000 4.973222 0.073471
21.500000 4.971115 0.073727
21.600000 4.968945 0.074257
21.700000 4.966663 0.075052
21.800000 4.964225 0.076069
21.900000 4.961598 0.077244
22.000000 4.958757 0.078508
22.100000 4.955691 0.079799
22.200000 4.952393 0.081072
22.300000 4.948866 0.082304
22.400000 4.945119 0.083484
22.500000 4.941168 0.084599
22.600000 4.937032 0.085642
22.700000 4.932733 0.086634
22.800000 4.928298 0.087604
22.900000 4.923757 0.088563
23.000000 4.919149 0.089476
23.100000 4.914516 0.090297
23.200000 4.909906 0.091008
23.300000 4.905370 0.091623
23.400000 4.900959 0.092150
23.500000 4.896724 0.092584
23.600000 4.892710 0.092920
23.700000 4.888956 0.093188
23.800000 4.885491 0.093463
23.900000 4.882324 0.093844
24.000000 4.879454 0.094423
24.100000 4.876862 0.095257
24.200000 4.874520 0.096368
24.300000 4.872391 0.097754
24.400000 4.870436 0.099400
24.500000 4.868608 0.101271
24.600000 4.866860 0.103308
24.700000 4.865142 0.105425
24.800000 4.863406 0.107500
24.900000 4.861603 0.109392
25.000000 4.859685 0.110976
25.100000 4.857610 0.112150
25.200000 4.855335 0.112801
25.300000 4.852822 0.112821
25.400000 4.850033 0.112199
25.500000 4.846939 0.111127
25.600000 4.843518 0.109937
25.700000 4.839758 0.108935
25.800000 4.835656 0.108327
25.900000 4.831225 0.108238
26.000000 4.826479 0.108737
26.100000 4.821441 0.109845
26.200000 4.816134 0.111534
26.300000 4.810585 0.113742
26.400000 4.804823 0.116384
26.500000 4.798879 0.119365
26.600000 4.792783 0.122587
26.700000 4.786565 0.125968
26.800000 4.780256 0.129438
26.900000 4.773884 0.132933
27.000000 4.767482 0.136390
27.100000 4.761078 0.139763
27.200000 4.754705 0.143035
27.300000 4.748394 0.146224
27.400000 4.742179 0.149385
27.500000 4.736091 0.152599
27.600000 4.730163 0.155946
27.700000 4.724424 0.159464
27.800000 4.718900 0.163123
27.900000 4.713613 0.166829
28.000000 4.708577 0.170443
28.100000 4.703806 0.173802
28.200000 4.699306 0.176733
28.300000 4.695084 0.179079
28.400000 4.691144 0.180721
28.500000 4.687491 0.181609
28.600000 4.684131 0.181785
28.700000 4.681070 0.181397
28.800000 4.678315 0.180658
28.900000 4.675875 0.179796
29.000000 4.673752 0.179008
29.100000 4.671949 0.178440
29.200000 4.670460 0.178177
29.300000 4.669274 0.178255
29.400000 4.668378 0.178671
29.500000 4.667748 0.179392
29.600000 4.667358 0.180365
29.700000 4.667180 0.181537
29.800000 4.667183 0.182879
29.900000 4.667335 0.184396
30.000000 4.667605 0.186103
30.100000 4.667965 0.187993
30.200000 4.668390 0.190011
30.300000 4.668853 0.192067
30.400000 4.669330 0.194049
30.500000 4.669798 0.195823
30.600000 4.670232 0.197243
30.700000 4.670606 0.198170
30.800000 4.670893 0.198504
30.900000 4.671070 0.198205
31.000000 4.671108 0.197295
31.100000 4.670984 0.195844
31.200000 4.670671 0.193934
31.300000 4.670146 0.191640
31.400000 4.669388 0.189026
31.500000 4.668376 0.186159
31.600000 4.667091 0.183104
31.700000 4.665516 0.179893
31.800000 4.663635 0.176512
31.900000 4.661439 0.172922
32.000000 4.658919 0.169121
32.100000 4.656069 0.165199
32.200000 4.652888 0.161296
32.300000 4.649377 0.157544
32.400000 4.645542 0.154041
32.500000 4.641391 0.150856
32.600000 4.636934 0.148035
32.700000 4.632184 0.145602
32.800000 4.627156 0.143559
32.900000 4.621865 0.141891
33.000000 4.616333 0.140566
33.100000 4.610580 0.139547
33.200000 4.604632 0.138803
33.300000 4.598513 0.138310
33.400000 4.592246 0.138057
33.500000 4.585858 0.138039
33.600000 4.579372 0.138256
33.700000 4.572813 0.138711
33.800000 4.566201 0.139407
33.900000 4.559559 0.140345
34.000000 4.552903 0.141528
34.100000 4.546251 0.142958
34.200000 4.539621 0.144640
34.300000 4.533026 0.146573
34.400000 4.526480 0.148758
34.500000 4.519992 0.151189
34.600000 4.513568 0.153862
34.700000 4.507213 0.156768
34.800000 4.500929 0.159897
34.900000 4.494717 0.163238
35.000000 4.488580 0.166782
35.100000 4.482517 0.170516
35.200000 4.476528 0.174428
35.300000 4.470613 0.178507
35.400000 4.464772 0.182737
35.500000 4.459003 0.187109
35.600000 4.453305 0.191608
35.700000 4.447677 0.196224
35.800000 4.442119 0.200945
35.900000 4.436630 0.205762
36.000000 4.431209 0.210664
36.100000 4.425855 0.215642
36.200000 4.420566 0.220689
36.300000 4.415344 0.225796
36.400000 4.410186 0.230955
36.500000 4.405092 0.236160
36.600000 4.400061 0.241404
36.700000 4.395092 0.246681
36.800000 4.390184 0.251985
36.900000 4.385337 0.257310
37.000000 4.380551 0.262651
37.100000 4.375823 0.268003
37.200000 4.371154 0.273363
37.300000 4.366543 0.278725
37.400000 4.361989 0.284086
37.500000 4.357491 0.289443
37.600000 4.353049 0.294791
37.700000 4.348662 0.300128
37.800000 4.344329 0.305451
37.900000 4.340050 0.310757
38.000000 4.335823 0.316045
38.100000 4.331650 0.321310
38.200000 4.327527 0.326552
38.300000 4.323456 0.331769
38.400000 4.319435 0.336958
38.500000 4.315464 0.342119
38.600000 4.311543 0.347249
38.700000 4.307669 0.352347
38.800000 4.303844 0.357412
38.900000 4.300066 0.362443
39.000000 4.296335 0.367439
39.100000 4.292651 0.372398
39.200000 4.289011 0.377321
39.300000 4.285417 0.382205
39.400000 4.281868 0.387051
39.500000 4.278362 0.391858
39.600000 4.274900 0.396624
39.700000 4.271481 0.401351
39.800000 4.268104 0.406036
39.900000 4.264769 0.410680
40.000000 4.261475 0.415282
