depth(m) lower_95(kyr) lower_68(kyr) median(kyr) mean(kyr) upper_68(kyr) upper_95(kyr)
0.015000 0.009938 0.073549 0.192748 0.202368 0.324674 0.460071
0.056667 0.184284 0.264735 0.387230 0.394111 0.525364 0.666001
0.098333 0.358481 0.442455 0.565377 0.577106 0.711028 0.850025
0.140000 0.544253 0.624432 0.750435 0.763431 0.897873 1.069566
0.160000 0.627196 0.713783 0.839420 0.854421 0.987648 1.157719
0.197500 0.775093 0.875856 1.013819 1.022653 1.154309 1.341116
0.235000 0.941415 1.048720 1.195323 1.203993 1.340409 1.549209
0.240000 0.966677 1.079736 1.226418 1.235677 1.373951 1.593249
0.280000 1.170775 1.312390 1.497078 1.531817 1.741756 2.156146
0.320000 1.365398 1.536776 1.807052 1.846411 2.189590 2.505838
0.360000 1.596303 1.814239 2.171972 2.181373 2.560478 2.784926
0.390000 1.792095 2.063896 2.473177 2.439846 2.786430 3.001640
0.420000 2.029857 2.383264 2.723924 2.695883 3.001575 3.194416
0.465000 2.522388 2.819504 3.071860 3.053183 3.270604 3.471300
0.480000 2.619074 2.917895 3.167368 3.150136 3.367775 3.572502
0.520000 2.842612 3.143941 3.394047 3.371066 3.587475 3.803657
0.560000 3.097017 3.363835 3.598946 3.584155 3.795187 4.017691
0.600000 3.332882 3.584321 3.815859 3.809675 4.021334 4.267753
0.640000 3.593624 3.842792 4.048652 4.056280 4.273387 4.590526
0.645000 3.637619 3.875143 4.090029 4.097659 4.318148 4.637517
0.682500 3.943630 4.229457 4.502573 4.546401 4.901176 5.307161
0.720000 4.324674 4.625290 5.006526 5.022338 5.432063 5.873272
0.755000 4.708920 5.071453 5.489163 5.508999 5.957795 6.376875
0.790000 5.111797 5.554296 5.992304 6.013474 6.477994 7.039473
0.800000 5.263171 5.681879 6.116686 6.129390 6.594558 7.109399
0.840000 5.940828 6.339597 6.753633 6.763432 7.191766 7.649481
0.887500 6.908299 7.230013 7.627061 7.632055 8.024120 8.366289
0.935000 8.091862 8.288220 8.490392 8.516517 8.764146 9.028520
0.940000 8.139963 8.339893 8.553343 8.572843 8.820513 9.072183
0.980000 8.742639 9.034389 9.337558 9.336745 9.630697 9.937226
1.000000 9.040570 9.322049 9.614171 9.616427 9.917939 10.252040
1.020000 9.329259 9.592250 9.894343 9.899404 10.204539 10.514896
1.040000 9.663923 9.898096 10.177021 10.192469 10.504263 10.790452
1.060000 9.937458 10.203207 10.461351 10.485502 10.781023 11.072149
1.095000 10.732580 10.970334 11.217707 11.203674 11.431679 11.609877
1.100000 10.791337 11.026209 11.271493 11.257147 11.490464 11.663792
1.120000 11.026881 11.244637 11.477800 11.465784 11.688653 11.794724
1.130000 11.139820 11.340440 11.571043 11.556148 11.766852 11.868089
1.140000 11.223618 11.430689 11.662872 11.637303 11.833120 11.919961
1.145000 11.288805 11.465901 11.703327 11.674628 11.859529 11.947843
1.160000 11.396588 11.572348 11.805377 11.769313 11.935541 12.020443
1.180000 11.513646 11.707950 11.928090 11.885922 12.037840 12.117153
1.200000 11.621915 11.824452 12.038659 11.996899 12.134542 12.226517
1.215000 11.708387 11.915949 12.120960 12.081552 12.215296 12.311870
1.220000 11.748039 11.954415 12.146649 12.110344 12.243151 12.342119
1.255000 11.933191 12.152843 12.313081 12.288812 12.413843 12.501841
1.260000 11.968509 12.184472 12.340860 12.316457 12.441442 12.536377
1.300000 12.207094 12.409473 12.538560 12.527975 12.640916 12.825099
1.315000 12.284553 12.496259 12.620215 12.614785 12.732771 12.936574
1.320000 12.313360 12.520265 12.647400 12.646489 12.765472 12.965394
1.340000 12.436683 12.631779 12.764257 12.781084 12.927988 13.194794
1.360000 12.566528 12.741597 12.897957 12.920611 13.115657 13.403983
1.380000 12.689205 12.853516 13.030241 13.070024 13.291761 13.615841
1.400000 12.808291 12.968769 13.180116 13.218378 13.481153 13.792961
1.430000 12.960332 13.151038 13.415693 13.445134 13.750836 14.068253
1.460000 13.127853 13.352899 13.660409 13.672790 13.995283 14.273618
1.480000 13.263992 13.509802 13.828319 13.828794 14.165557 14.388310
1.500000 13.402098 13.670611 13.991029 13.991104 14.309362 14.526549
1.540000 13.814297 14.057858 14.331160 14.323971 14.586598 14.831031
1.545000 13.859148 14.095054 14.369228 14.360566 14.618334 14.860257
1.560000 13.960791 14.193661 14.482453 14.459830 14.714136 14.944945
1.590000 14.209932 14.387470 14.658217 14.637914 14.865897 15.116683
1.620000 14.376289 14.562891 14.810699 14.804553 15.035306 15.260424
1.625000 14.397996 14.593580 14.836159 14.832086 15.063138 15.288893
1.660000 14.594770 14.773067 14.986719 14.994668 15.224440 15.439930
1.680000 14.698783 14.884609 15.078633 15.090763 15.329090 15.523793
1.700000 14.796035 14.989897 15.164584 15.183804 15.430883 15.608460
1.730000 14.968218 15.135234 15.285334 15.315736 15.558639 15.735116
1.755000 15.083455 15.244006 15.376874 15.419204 15.683037 15.836581
1.780000 15.205271 15.344464 15.474588 15.521584 15.786298 15.937835
1.820000 15.403801 15.513385 15.620324 15.678173 15.953116 16.099329
1.840000 15.492049 15.602418 15.701709 15.761893 16.041469 16.180566
1.860000 15.594662 15.688792 15.783584 15.846540 16.135656 16.272699
1.865000 15.616651 15.710235 15.807074 15.868932 16.158006 16.293654
1.900000 15.770725 15.853862 15.953990 16.007406 16.253194 16.415080
1.940000 15.924268 16.017094 16.112046 16.161581 16.382983 16.537526
1.980000 16.071561 16.178487 16.266232 16.310446 16.503506 16.663421
2.015000 16.184411 16.322789 16.414155 16.447212 16.626423 16.791982
2.020000 16.219846 16.343094 16.434431 16.469258 16.648668 16.813673
2.060000 16.388502 16.502515 16.600429 16.627305 16.777939 16.959934
2.100000 16.550020 16.664220 16.765668 16.784608 16.917719 17.088978
2.140000 16.704627 16.818419 16.926661 16.938083 17.061653 17.238671
2.180000 16.857645 16.976488 17.085723 17.092570 17.210561 17.372302
2.220000 17.021284 17.139577 17.238332 17.248318 17.359669 17.541463
2.260000 17.190307 17.296382 17.388096 17.401496 17.516578 17.672473
2.265000 17.213376 17.315681 17.410606 17.423460 17.539971 17.692590
2.300000 17.373062 17.466601 17.563520 17.575953 17.687797 17.831320
2.315000 17.444435 17.535250 17.633087 17.644468 17.759088 17.899132
2.340000 17.552075 17.649303 17.744516 17.757279 17.869872 18.010824
2.372500 17.704728 17.799573 17.893663 17.905163 18.017316 18.145881
2.405000 17.855502 17.946574 18.044470 18.054934 18.160569 18.290094
2.420000 17.929512 18.024870 18.118734 18.129147 18.238149 18.368925
2.440000 18.034263 18.121189 18.221437 18.231891 18.342573 18.481338
2.465000 18.170339 18.245313 18.345287 18.359156 18.479988 18.615797
2.480000 18.235492 18.313439 18.413988 18.434170 18.559060 18.723885
2.500000 18.316708 18.410793 18.509700 18.531410 18.661624 18.818490
2.520000 18.403016 18.502381 18.607224 18.628189 18.764396 18.928126
2.565000 18.611016 18.701631 18.826322 18.844737 18.992048 19.173451
2.592500 18.733752 18.832941 18.973016 18.994883 19.153832 19.374003
2.620000 18.865008 18.971153 19.135225 19.156909 19.338685 19.565729
2.640000 18.951579 19.079876 19.258096 19.276384 19.475974 19.696593
2.660000 19.048556 19.189809 19.373652 19.393133 19.607361 19.798203
2.701667 19.258597 19.414288 19.610369 19.619375 19.830802 20.009574
2.743333 19.454026 19.633445 19.843648 19.837809 20.048700 20.203703
2.785000 19.649233 19.835677 20.046526 20.041751 20.241962 20.393044
2.822500 19.820514 20.004547 20.221152 20.210487 20.413135 20.551790
2.860000 19.985206 20.181267 20.397325 20.381971 20.581435 20.713331
2.865000 20.009537 20.205516 20.425470 20.407755 20.605552 20.732830
2.900000 20.186967 20.385563 20.602122 20.586647 20.777055 20.928746
2.940000 20.382263 20.584956 20.808045 20.790112 20.982513 21.135744
2.980000 20.575047 20.787958 21.013607 20.997778 21.186083 21.381067
3.020000 20.779629 21.003922 21.222319 21.207856 21.387102 21.594278
3.060000 21.023470 21.253668 21.441572 21.437347 21.609340 21.839732
3.065000 21.058367 21.289140 21.473360 21.470268 21.645839 21.869791
3.100000 21.288293 21.517526 21.695685 21.707058 21.912365 22.153842
3.120000 21.421355 21.649047 21.828288 21.854087 22.087986 22.329220
3.140000 21.534236 21.782947 21.977789 22.003928 22.257436 22.484508
3.145000 21.580000 21.818377 22.015014 22.040947 22.298155 22.521702
3.180000 21.783641 22.006100 22.244160 22.272154 22.558809 22.829287
3.220000 21.997440 22.216219 22.517953 22.532938 22.850817 23.181115
3.260000 22.227950 22.431381 22.783005 22.791555 23.156101 23.449212
3.300000 22.439292 22.670407 23.045457 23.063514 23.438620 23.743833
3.320000 22.601041 22.817521 23.197769 23.212986 23.605781 23.932919
3.340000 22.734978 22.996676 23.361576 23.369147 23.747223 24.054346
3.360000 22.908550 23.186577 23.525518 23.530942 23.864309 24.163294
3.400000 23.288189 23.557824 23.841349 23.846907 24.124499 24.417897
3.420000 23.479588 23.744239 24.000610 24.004279 24.263337 24.549812
3.440000 23.672676 23.917782 24.163695 24.159950 24.397180 24.652336
3.465000 23.870093 24.140732 24.367781 24.361881 24.597190 24.832648
3.480000 23.983373 24.247809 24.480716 24.478810 24.716334 24.958452
3.500000 24.093324 24.385209 24.631501 24.632212 24.885411 25.183516
3.520000 24.188205 24.503452 24.786991 24.788751 25.072816 25.413293
3.540000 24.290114 24.645528 24.957502 24.952085 25.243298 25.560667
3.580000 24.561010 24.930691 25.288558 25.268166 25.611767 25.882966
3.620000 24.824577 25.232955 25.588254 25.568230 25.906049 26.195026
3.660000 25.121580 25.538039 25.888146 25.857691 26.150831 26.456790
3.700000 25.506925 25.856966 26.179525 26.155403 26.443698 26.733587
3.705000 25.548647 25.900442 26.209692 26.194757 26.479605 26.767728
3.720000 25.673867 26.019475 26.322666 26.316835 26.620290 26.899099
3.750000 25.913342 26.255927 26.551037 26.554133 26.871962 27.137077
3.780000 26.167656 26.495138 26.789758 26.794076 27.118895 27.372733
3.810000 26.422038 26.729081 27.057963 27.042480 27.349273 27.602710
3.840000 26.721769 27.002460 27.317748 27.297809 27.571552 27.874123
3.860000 26.946194 27.196723 27.480017 27.467325 27.711035 28.057394
3.880000 27.117101 27.383754 27.633812 27.630263 27.861575 28.188443
3.900000 27.293375 27.570984 27.777861 27.789678 28.018227 28.350455
3.905000 27.342519 27.611188 27.817206 27.830943 28.062415 28.382492
3.940000 27.601457 27.868933 28.086733 28.117034 28.387000 28.731008
3.980000 27.896561 28.154981 28.439852 28.461742 28.796302 29.154382
4.020000 28.192897 28.475705 28.814008 28.820309 29.174457 29.497053
4.060000 28.507455 28.851861 29.187561 29.170540 29.494166 29.753192
4.100000 28.929661 29.284602 29.548876 29.521662 29.763087 29.972359
4.140000 29.464156 29.692490 29.888323 29.871820 30.036969 30.208239
4.145000 29.513801 29.736399 29.932328 29.913944 30.078105 30.247549
4.160000 29.638714 29.852972 30.049516 30.034513 30.204737 30.367635
4.200000 29.918876 30.142152 30.348602 30.349854 30.563623 30.797792
4.225000 30.093332 30.310288 30.551883 30.550325 30.792667 31.011693
4.240000 30.188199 30.410002 30.683359 30.681253 30.952462 31.173186
4.270000 30.368811 30.644960 30.961859 30.965602 31.278180 31.631064
4.300000 30.560866 30.877542 31.257865 31.253439 31.606926 31.971079
4.340000 30.828768 31.229149 31.647980 31.645414 32.052188 32.447563
4.380000 31.135520 31.605165 32.019741 32.016108 32.440259 32.828557
4.420000 31.501901 31.974177 32.404125 32.392942 32.796118 33.219490
4.460000 31.899624 32.396706 32.755200 32.749035 33.145985 33.538002
4.480000 32.031906 32.551612 32.935901 32.919157 33.312268 33.669887
4.500000 32.207442 32.719642 33.088207 33.077943 33.462951 33.803120
4.505000 32.266916 32.760275 33.125798 33.116695 33.490847 33.845536
4.520000 32.348799 32.842537 33.238744 33.222369 33.599940 33.941241
4.550000 32.542834 33.023597 33.437444 33.423801 33.840388 34.183721
4.580000 32.723452 33.214498 33.632289 33.621834 34.039483 34.417456
4.620000 33.008631 33.437089 33.898789 33.881554 34.313229 34.691610
4.660000 33.277807 33.662916 34.165893 34.152121 34.625286 34.988393
