depth(m) 14C_year(kiloyear) error(kiloyear) reservoir_age(kiloyear) std_reservoir_age(kiloyear) cal_curve_type
0.0150000000000000	0.723000000000000	0.0380000000000000	0	0.200000000000000	2
0.235000000000000	1.57300000000000	0.0380000000000000	0	0.200000000000000	2
0.465000000000000	3.54400000000000	0.0380000000000000	0	0.200000000000000	2
0.645000000000000	3.95000000000000	0.0600000000000000	0	0.200000000000000	2
0.935000000000000	8.13900000000000	0.0370000000000000	0	0.200000000000000	2
1.09500000000000	10.3880000000000	0.0420000000000000	0	0.200000000000000	2
1.14500000000000	10.6240000000000	0.0390000000000000	0	0.200000000000000	2
1.21500000000000	10.8300000000000	0.0500000000000000	0	0.200000000000000	2
1.25500000000000	10.9100000000000	0.0500000000000000	0	0.200000000000000	2
1.31500000000000	11.1500000000000	0.0500000000000000	0	0.200000000000000	2
1.54500000000000	12.9600000000000	0.110000000000000	0	0.200000000000000	2
1.62500000000000	13.1300000000000	0.0410000000000000	0	0.200000000000000	2
1.73000000000000	13.8900000000000	0.130000000000000	0	0.200000000000000	2
1.86500000000000	13.9200000000000	0.110000000000000	0	0.200000000000000	2
2.01500000000000	14.2040000000000	0.0430000000000000	0	0.200000000000000	2
2.26500000000000	15.0500000000000	0.140000000000000	0	0.200000000000000	2
2.31500000000000	15.1270000000000	0.0440000000000000	0	0.200000000000000	2
2.40500000000000	15.4620000000000	0.0480000000000000	0	0.200000000000000	2
2.46500000000000	16.1800000000000	0.120000000000000	0	0.200000000000000	2
2.56500000000000	16.2100000000000	0.0470000000000000	0	0.200000000000000	2
2.78500000000000	17.7800000000000	0.140000000000000	0	0.200000000000000	2
2.86500000000000	17.5040000000000	0.0490000000000000	0	0.200000000000000	2
3.06500000000000	18.4910000000000	0.0530000000000000	0	0.200000000000000	2
3.14500000000000	19.1700000000000	0.150000000000000	0	0.200000000000000	2
3.46500000000000	21.1600000000000	0.190000000000000	0	0.200000000000000	2
3.46500000000000	21.0700000000000	0.180000000000000	0	0.200000000000000	2
3.70500000000000	22.7000000000000	0.220000000000000	0	0.200000000000000	2
3.90500000000000	24.4800000000000	0.220000000000000	0	0.200000000000000	2
4.14500000000000	26.3100000000000	0.200000000000000	0	0.200000000000000	2
4.14500000000000	26.7100000000000	0.200000000000000	0	0.200000000000000	2
4.22500000000000	27.1100000000000	0.310000000000000	0	0.200000000000000	2
4.50500000000000	29.6400000000000	0.360000000000000	0	0.200000000000000	2