age(kyr) mean(permil) sigma(permil)
0.000000 3.237590 0.212835
0.100000 3.284255 0.137357
0.200000 3.290152 0.111842
0.300000 3.280751 0.107700
0.400000 3.277520 0.104504
0.500000 3.274037 0.101360
0.600000 3.268899 0.102583
0.700000 3.263623 0.102977
0.800000 3.258228 0.102029
0.900000 3.254680 0.101972
1.000000 3.251507 0.102239
1.100000 3.248845 0.101909
1.200000 3.246419 0.101613
1.300000 3.242661 0.100135
1.400000 3.240037 0.100403
1.500000 3.237606 0.100417
1.600000 3.235276 0.100268
1.700000 3.233177 0.100233
1.800000 3.231381 0.100536
1.900000 3.229892 0.101223
2.000000 3.228389 0.101243
2.100000 3.226538 0.101983
2.200000 3.224605 0.102188
2.300000 3.222928 0.102849
2.400000 3.221096 0.104336
2.500000 3.219442 0.105467
2.600000 3.219625 0.106374
2.700000 3.220067 0.106400
2.800000 3.220582 0.106961
2.900000 3.221868 0.106972
3.000000 3.224203 0.107286
3.100000 3.223821 0.107956
3.200000 3.223189 0.108355
3.300000 3.221667 0.108869
3.400000 3.221330 0.109570
3.500000 3.222523 0.110240
3.600000 3.221844 0.110323
3.700000 3.222112 0.110432
3.800000 3.220767 0.110743
3.900000 3.220506 0.110990
4.000000 3.219659 0.110826
4.100000 3.221597 0.110516
4.200000 3.222765 0.110926
4.300000 3.224597 0.110660
4.400000 3.224363 0.110185
4.500000 3.224926 0.110136
4.600000 3.224738 0.110658
4.700000 3.222846 0.110343
4.800000 3.223260 0.109599
4.900000 3.222418 0.109072
5.000000 3.221953 0.108364
5.100000 3.220064 0.106866
5.200000 3.217647 0.105226
5.300000 3.218348 0.104481
5.400000 3.219138 0.104074
5.500000 3.220125 0.103823
5.600000 3.221866 0.103464
5.700000 3.223364 0.103161
5.800000 3.225261 0.102769
5.900000 3.227042 0.102678
6.000000 3.229251 0.102525
6.100000 3.231568 0.102484
6.200000 3.234153 0.102468
6.300000 3.236995 0.102474
6.400000 3.240085 0.102499
6.500000 3.243410 0.102538
6.600000 3.246958 0.102589
6.700000 3.250716 0.102648
6.800000 3.254672 0.102714
6.900000 3.258815 0.102784
7.000000 3.263134 0.102857
7.100000 3.267622 0.102931
7.200000 3.272272 0.103006
7.300000 3.277080 0.103081
7.400000 3.282047 0.103155
7.500000 3.287173 0.103228
7.600000 3.292464 0.103300
7.700000 3.297927 0.103369
7.800000 3.303573 0.103436
7.900000 3.309415 0.103500
8.000000 3.315466 0.103559
8.100000 3.321742 0.103614
8.200000 3.328260 0.103663
8.300000 3.335038 0.103705
8.400000 3.342091 0.103742
8.500000 3.349437 0.103772
8.600000 3.357093 0.103795
8.700000 3.365074 0.103813
8.800000 3.373395 0.103825
8.900000 3.382070 0.103834
9.000000 3.391112 0.103841
9.100000 3.400532 0.103847
9.200000 3.410340 0.103855
9.300000 3.420547 0.103866
9.400000 3.431159 0.103882
9.500000 3.442183 0.103907
9.600000 3.453623 0.103942
9.700000 3.465480 0.103990
9.800000 3.477754 0.104053
9.900000 3.490441 0.104132
10.000000 3.503534 0.104229
10.100000 3.517024 0.104344
10.200000 3.530896 0.104478
10.300000 3.545132 0.104629
10.400000 3.559711 0.104796
10.500000 3.574606 0.104976
10.600000 3.589790 0.105165
10.700000 3.605232 0.105358
10.800000 3.620900 0.105550
10.900000 3.636761 0.105737
11.000000 3.652782 0.105911
11.100000 3.668931 0.106068
11.200000 3.685176 0.106201
11.300000 3.701489 0.106306
11.400000 3.717840 0.106380
11.500000 3.734205 0.106418
11.600000 3.750561 0.106420
11.700000 3.766885 0.106384
11.800000 3.783160 0.106310
11.900000 3.799368 0.106202
12.000000 3.815497 0.106061
12.100000 3.831536 0.105891
12.200000 3.847479 0.105697
12.300000 3.863321 0.105484
12.400000 3.879065 0.105258
12.500000 3.894716 0.105025
12.600000 3.910286 0.104789
12.700000 3.925791 0.104555
12.800000 3.941254 0.104329
12.900000 3.956704 0.104114
13.000000 3.972172 0.103912
13.100000 3.987698 0.103727
13.200000 4.003323 0.103561
13.300000 4.019091 0.103415
13.400000 4.035051 0.103290
13.500000 4.051248 0.103187
13.600000 4.067729 0.103107
13.700000 4.084540 0.103050
13.800000 4.101723 0.103016
13.900000 4.119315 0.103005
14.000000 4.137350 0.103017
14.100000 4.155859 0.103051
14.200000 4.174864 0.103105
14.300000 4.194385 0.103180
14.400000 4.214435 0.103273
14.500000 4.235021 0.103384
14.600000 4.256145 0.103511
14.700000 4.277803 0.103654
14.800000 4.299986 0.103811
14.900000 4.322676 0.103983
15.000000 4.345851 0.104166
15.100000 4.369480 0.104361
15.200000 4.393525 0.104565
15.300000 4.417941 0.104776
15.400000 4.442675 0.104989
15.500000 4.467667 0.105202
15.600000 4.492850 0.105410
15.700000 4.518155 0.105608
15.800000 4.543503 0.105791
15.900000 4.568817 0.105956
16.000000 4.594014 0.106097
16.100000 4.619013 0.106211
16.200000 4.643733 0.106296
16.300000 4.668093 0.106348
16.400000 4.692015 0.106367
16.500000 4.715423 0.106352
16.600000 4.738245 0.106303
16.700000 4.760413 0.106221
16.800000 4.781863 0.106107
16.900000 4.802538 0.105963
17.000000 4.822384 0.105790
17.100000 4.841355 0.105592
17.200000 4.859411 0.105372
17.300000 4.876519 0.105131
17.400000 4.892653 0.104874
17.500000 4.907794 0.104604
17.600000 4.921929 0.104325
17.700000 4.935054 0.104040
17.800000 4.947170 0.103755
17.900000 4.958284 0.103474
18.000000 4.968410 0.103201
18.100000 4.977565 0.102942
18.200000 4.985771 0.102701
18.300000 4.993055 0.102482
18.400000 4.999446 0.102289
18.500000 5.004976 0.102125
18.600000 5.009680 0.101989
18.700000 5.013595 0.101884
18.800000 5.016758 0.101807
18.900000 5.019208 0.101757
19.000000 5.020984 0.101730
19.100000 5.022126 0.101724
19.200000 5.022674 0.101733
19.300000 5.022667 0.101756
19.400000 5.022142 0.101787
19.500000 5.021138 0.101823
19.600000 5.019690 0.101863
19.700000 5.017834 0.101904
19.800000 5.015601 0.101944
19.900000 5.013023 0.101982
20.000000 5.010126 0.102019
20.100000 5.006937 0.102054
20.200000 5.003479 0.102088
20.300000 4.999773 0.102121
20.400000 4.995835 0.102155
20.500000 4.991681 0.102190
20.600000 4.987326 0.102227
20.700000 4.982782 0.102267
20.800000 4.978059 0.102310
20.900000 4.973169 0.102356
21.000000 4.968123 0.102405
21.100000 4.962930 0.102456
21.200000 4.957604 0.102508
21.300000 4.952157 0.102560
21.400000 4.946602 0.102611
21.500000 4.940955 0.102658
21.600000 4.935232 0.102700
21.700000 4.929452 0.102735
21.800000 4.923631 0.102761
21.900000 4.917791 0.102777
22.000000 4.911952 0.102781
22.100000 4.906134 0.102771
22.200000 4.900359 0.102749
22.300000 4.894648 0.102711
22.400000 4.889022 0.102660
22.500000 4.883504 0.102594
22.600000 4.878113 0.102515
22.700000 4.872870 0.102424
22.800000 4.867794 0.102323
22.900000 4.862905 0.102212
23.000000 4.858218 0.102095
23.100000 4.853751 0.101973
23.200000 4.849517 0.101849
23.300000 4.845529 0.101726
23.400000 4.841797 0.101606
23.500000 4.838328 0.101492
23.600000 4.835127 0.101386
23.700000 4.832194 0.101290
23.800000 4.829528 0.101207
23.900000 4.827123 0.101139
24.000000 4.824968 0.101087
24.100000 4.823049 0.101053
24.200000 4.821348 0.101037
24.300000 4.819842 0.101042
24.400000 4.818505 0.101066
24.500000 4.817305 0.101111
24.600000 4.816210 0.101176
24.700000 4.815183 0.101262
24.800000 4.814184 0.101367
24.900000 4.813174 0.101490
25.000000 4.812110 0.101631
25.100000 4.810952 0.101788
25.200000 4.809659 0.101960
25.300000 4.808191 0.102145
25.400000 4.806513 0.102341
25.500000 4.804590 0.102547
25.600000 4.802394 0.102760
25.700000 4.799897 0.102979
25.800000 4.797079 0.103202
25.900000 4.793924 0.103425
26.000000 4.790419 0.103647
26.100000 4.786560 0.103866
26.200000 4.782346 0.104077
26.300000 4.777781 0.104278
26.400000 4.772877 0.104465
26.500000 4.767647 0.104635
26.600000 4.762114 0.104785
26.700000 4.756302 0.104910
26.800000 4.750242 0.105007
26.900000 4.743965 0.105074
27.000000 4.737510 0.105107
27.100000 4.730915 0.105106
27.200000 4.724222 0.105068
27.300000 4.717474 0.104993
27.400000 4.710716 0.104883
27.500000 4.703992 0.104738
27.600000 4.697349 0.104562
27.700000 4.690831 0.104356
27.800000 4.684485 0.104127
27.900000 4.678354 0.103879
28.000000 4.672481 0.103618
28.100000 4.666907 0.103351
28.200000 4.661672 0.103084
28.300000 4.656810 0.102824
28.400000 4.652352 0.102576
28.500000 4.648323 0.102347
28.600000 4.644742 0.102141
28.700000 4.641622 0.101960
28.800000 4.638965 0.101806
28.900000 4.636769 0.101680
29.000000 4.635023 0.101579
29.100000 4.633709 0.101502
29.200000 4.632801 0.101445
29.300000 4.632270 0.101403
29.400000 4.632082 0.101373
29.500000 4.632199 0.101349
29.600000 4.632583 0.101328
29.700000 4.633191 0.101305
29.800000 4.633983 0.101279
29.900000 4.634915 0.101246
30.000000 4.635947 0.101206
30.100000 4.637037 0.101158
30.200000 4.638146 0.101103
30.300000 4.639234 0.101044
30.400000 4.640264 0.100982
30.500000 4.641202 0.100922
30.600000 4.642015 0.100866
30.700000 4.642673 0.100820
30.800000 4.643149 0.100786
30.900000 4.643421 0.100770
31.000000 4.643472 0.100775
31.100000 4.643289 0.100802
31.200000 4.642864 0.100854
31.300000 4.642195 0.100931
31.400000 4.641285 0.101033
31.500000 4.640142 0.101159
31.600000 4.638777 0.101306
31.700000 4.637205 0.101472
31.800000 4.635447 0.101654
31.900000 4.633522 0.101849
32.000000 4.631454 0.102054
32.100000 4.629266 0.102267
32.200000 4.626981 0.102486
32.300000 4.624625 0.102710
32.400000 4.622308 0.103076
32.500000 4.619877 0.103298
32.600000 4.617481 0.103516
32.700000 4.615235 0.103871
32.800000 4.612922 0.104097
32.900000 4.611369 0.104687
33.000000 4.610108 0.105174
33.100000 4.608919 0.106450
33.200000 4.607780 0.106803
33.300000 4.606176 0.106755
33.400000 4.605238 0.107218
33.500000 4.603956 0.107127
33.600000 4.602799 0.106875
33.700000 4.601560 0.106648
33.800000 4.600160 0.106584
33.900000 4.598162 0.106842
34.000000 4.596063 0.106952
34.100000 4.593726 0.107033
34.200000 4.589866 0.107837
34.300000 4.585867 0.107718
34.400000 4.581876 0.107602
34.500000 4.577895 0.107401
34.600000 4.573004 0.107378
34.700000 4.567291 0.107309
34.800000 4.561588 0.107394
34.900000 4.555657 0.107076
35.000000 4.549193 0.106744
35.100000 4.542679 0.106506
35.200000 4.535867 0.105458
35.300000 4.528537 0.105407
35.400000 4.520876 0.105635
35.500000 4.512925 0.105768
35.600000 4.504918 0.105197
35.700000 4.496599 0.105327
35.800000 4.488152 0.105421
35.900000 4.479677 0.105579
36.000000 4.471173 0.105369
36.100000 4.462796 0.105213
36.200000 4.454676 0.105232
36.300000 4.446835 0.105209
36.400000 4.439340 0.105147
36.500000 4.432258 0.105050
36.600000 4.425650 0.104925
36.700000 4.419574 0.104780
36.800000 4.414085 0.104625
36.900000 4.409233 0.104468
37.000000 4.405067 0.104322
37.100000 4.401629 0.104198
37.200000 4.398960 0.104106
37.300000 4.397093 0.104057
37.400000 4.396058 0.104059
37.500000 4.395876 0.104119
37.600000 4.396563 0.104240
37.700000 4.398123 0.104423
37.800000 4.400552 0.104664
37.900000 4.403835 0.104957
38.000000 4.407950 0.105291
38.100000 4.412862 0.105655
38.200000 4.418528 0.106033
38.300000 4.424901 0.106411
38.400000 4.431923 0.106774
38.500000 4.439535 0.107108
38.600000 4.447671 0.107399
38.700000 4.456264 0.107636
38.800000 4.465243 0.107810
38.900000 4.474536 0.107914
39.000000 4.484070 0.107942
39.100000 4.493768 0.107893
39.200000 4.503555 0.107767
39.300000 4.513353 0.107565
39.400000 4.523085 0.107292
39.500000 4.532675 0.106955
39.600000 4.542045 0.106563
39.700000 4.551123 0.106124
39.800000 4.559838 0.105650
39.900000 4.568126 0.105154
40.000000 4.575927 0.104648
40.100000 4.583192 0.104145
40.200000 4.589881 0.103656
40.300000 4.595965 0.103191
40.400000 4.601426 0.102759
40.500000 4.606259 0.102367
40.600000 4.610468 0.102019
40.700000 4.614067 0.101716
40.800000 4.617078 0.101460
40.900000 4.619527 0.101247
41.000000 4.621444 0.101075
41.100000 4.622860 0.100940
41.200000 4.623805 0.100838
41.300000 4.624311 0.100765
41.400000 4.624404 0.100715
41.500000 4.624111 0.100685
41.600000 4.623456 0.100670
41.700000 4.622461 0.100668
41.800000 4.621146 0.100676
41.900000 4.619530 0.100690
42.000000 4.617629 0.100710
42.100000 4.615459 0.100734
42.200000 4.613032 0.100762
42.300000 4.610357 0.100792
42.400000 4.607443 0.100826
42.500000 4.604294 0.100865
42.600000 4.600910 0.100908
42.700000 4.597287 0.100959
42.800000 4.593419 0.101019
42.900000 4.589295 0.101091
43.000000 4.584901 0.101175
43.100000 4.580218 0.101275
43.200000 4.575228 0.101393
43.300000 4.569909 0.101530
43.400000 4.564238 0.101688
43.500000 4.558194 0.101869
43.600000 4.551758 0.102072
43.700000 4.544911 0.102298
43.800000 4.537642 0.102544
43.900000 4.529941 0.102810
44.000000 4.521809 0.103091
44.100000 4.513251 0.103383
44.200000 4.504283 0.103680
44.300000 4.494927 0.103977
44.400000 4.485215 0.104267
44.500000 4.475187 0.104542
44.600000 4.464893 0.104794
44.700000 4.454388 0.105016
44.800000 4.443734 0.105201
44.900000 4.432998 0.105343
45.000000 4.422251 0.105439
45.100000 4.411567 0.105483
45.200000 4.401024 0.105474
45.300000 4.390699 0.105414
45.400000 4.380670 0.105303
45.500000 4.371016 0.105146
45.600000 4.361817 0.104949
45.700000 4.353152 0.104722
45.800000 4.345100 0.104473
45.900000 4.337740 0.104215
46.000000 4.331152 0.103962
46.100000 4.325415 0.103727
46.200000 4.320607 0.103527
46.300000 4.316805 0.103376
46.400000 4.314079 0.103289
46.500000 4.312497 0.103277
46.600000 4.312115 0.103353
46.700000 4.312979 0.103522
46.800000 4.315117 0.103787
46.900000 4.318544 0.104147
47.000000 4.323251 0.104597
47.100000 4.329211 0.105127
47.200000 4.336378 0.105725
47.300000 4.344688 0.106375
47.400000 4.354059 0.107062
47.500000 4.364397 0.107770
47.600000 4.375598 0.108486
47.700000 4.387547 0.109197
47.800000 4.400123 0.109894
47.900000 4.412634 0.110411
48.000000 4.426004 0.110976
48.100000 4.439195 0.111448
48.200000 4.452420 0.111825
48.300000 4.465588 0.112132
48.400000 4.478205 0.112437
48.500000 4.490305 0.113035
48.600000 4.500180 0.113249
48.700000 4.511231 0.113191
48.800000 4.521186 0.112917
48.900000 4.531154 0.112398
49.000000 4.540623 0.111524
49.100000 4.549147 0.110361
49.200000 4.557178 0.109443
49.300000 4.564555 0.108533
49.400000 4.571363 0.106912
49.500000 4.577278 0.106293
49.600000 4.582330 0.105416
49.700000 4.586568 0.104057
49.800000 4.589638 0.103690
49.900000 4.591735 0.103076
50.000000 4.592714 0.102972
50.100000 4.592657 0.102778
50.200000 4.591561 0.102651
50.300000 4.589413 0.102741
50.400000 4.586268 0.102886
50.500000 4.582166 0.103080
50.600000 4.577154 0.103310
50.700000 4.571291 0.103569
50.800000 4.564641 0.103847
50.900000 4.557316 0.103984
51.000000 4.549308 0.104274
51.100000 4.540734 0.104557
51.200000 4.531672 0.104826
51.300000 4.522204 0.105074
51.400000 4.512408 0.105296
51.500000 4.502367 0.105488
51.600000 4.492160 0.105648
51.700000 4.481866 0.105773
51.800000 4.471560 0.105861
51.900000 4.461319 0.105912
52.000000 4.451213 0.105926
52.100000 4.441313 0.105905
52.200000 4.431683 0.105850
52.300000 4.422387 0.105763
52.400000 4.413482 0.105647
52.500000 4.405024 0.105504
52.600000 4.397062 0.105340
52.700000 4.389643 0.105158
52.800000 4.382807 0.104963
52.900000 4.376590 0.104759
53.000000 4.371024 0.104552
53.100000 4.366134 0.104347
53.200000 4.361942 0.104150
53.300000 4.358463 0.103965
53.400000 4.355705 0.103798
53.500000 4.353672 0.103652
53.600000 4.352361 0.103531
53.700000 4.351762 0.103437
53.800000 4.351859 0.103372
53.900000 4.352628 0.103336
54.000000 4.354040 0.103328
54.100000 4.356059 0.103346
54.200000 4.358642 0.103386
54.300000 4.361742 0.103444
54.400000 4.365306 0.103515
54.500000 4.369276 0.103594
54.600000 4.373593 0.103675
54.700000 4.378192 0.103751
54.800000 4.383009 0.103820
54.900000 4.387977 0.103874
55.000000 4.393030 0.103912
55.100000 4.398102 0.103930
55.200000 4.403127 0.103928
55.300000 4.408040 0.103905
55.400000 4.412781 0.103862
55.500000 4.417289 0.103803
55.600000 4.421507 0.103731
55.700000 4.425381 0.103652
55.800000 4.428860 0.103571
55.900000 4.431898 0.103495
56.000000 4.434451 0.103431
56.100000 4.436481 0.103386
56.200000 4.437952 0.103367
56.300000 4.438836 0.103379
56.400000 4.439107 0.103427
56.500000 4.438747 0.103512
56.600000 4.437742 0.103637
56.700000 4.436085 0.103799
56.800000 4.433775 0.103995
56.900000 4.430816 0.104219
57.000000 4.427220 0.104465
57.100000 4.423005 0.104724
57.200000 4.418194 0.104988
57.300000 4.412818 0.105247
57.400000 4.406913 0.105495
57.500000 4.400521 0.105724
57.600000 4.393688 0.105931
57.700000 4.386470 0.106116
57.800000 4.378924 0.106282
57.900000 4.371118 0.106439
58.000000 4.363125 0.106600
58.100000 4.355748 0.107456
58.200000 4.348458 0.108293
58.300000 4.341898 0.109469
58.400000 4.334179 0.109509
58.500000 4.328781 0.110888
58.600000 4.325531 0.113538
58.700000 4.322675 0.115713
58.800000 4.317960 0.116285
58.900000 4.313563 0.114027
59.000000 4.308862 0.112401
59.100000 4.304586 0.110687
59.200000 4.301207 0.108112
59.300000 4.298106 0.107291
59.400000 4.295913 0.106269
59.500000 4.294234 0.106168
59.600000 4.293442 0.106120
59.700000 4.293562 0.105910
59.800000 4.294519 0.105979
59.900000 4.296394 0.106103
60.000000 4.299190 0.106280
60.100000 4.302907 0.106502
60.200000 4.307532 0.106763
60.300000 4.313047 0.107054
60.400000 4.319427 0.107368
60.500000 4.326641 0.107694
60.600000 4.334652 0.108026
60.700000 4.343417 0.108353
60.800000 4.352891 0.108671
60.900000 4.363022 0.108971
61.000000 4.373757 0.109248
61.100000 4.385037 0.109497
61.200000 4.396801 0.109715
61.300000 4.408986 0.109899
61.400000 4.421524 0.110046
61.500000 4.434346 0.110155
61.600000 4.447381 0.110225
61.700000 4.460558 0.110255
61.800000 4.473801 0.110247
61.900000 4.487039 0.110200
62.000000 4.500197 0.110117
62.100000 4.513204 0.109997
62.200000 4.525989 0.109844
62.300000 4.538484 0.109658
62.400000 4.550625 0.109443
62.500000 4.562352 0.109201
62.600000 4.573609 0.108934
62.700000 4.584346 0.108647
62.800000 4.594519 0.108342
62.900000 4.604090 0.108023
63.000000 4.613030 0.107694
63.100000 4.621315 0.107358
63.200000 4.628930 0.107021
63.300000 4.635870 0.106686
63.400000 4.642133 0.106357
63.500000 4.647729 0.106039
63.600000 4.652674 0.105735
63.700000 4.656990 0.105450
63.800000 4.660706 0.105187
63.900000 4.663856 0.104948
64.000000 4.666480 0.104736
64.100000 4.668619 0.104554
64.200000 4.670318 0.104401
64.300000 4.671623 0.104279
64.400000 4.672580 0.104187
64.500000 4.673233 0.104124
64.600000 4.673626 0.104088
64.700000 4.673796 0.104077
64.800000 4.673782 0.104088
64.900000 4.673612 0.104118
65.000000 4.673315 0.104163
65.100000 4.672910 0.104219
65.200000 4.672412 0.104282
65.300000 4.671831 0.104349
65.400000 4.671171 0.104417
65.500000 4.670427 0.104481
65.600000 4.669593 0.104540
65.700000 4.668654 0.104592
65.800000 4.667590 0.104636
65.900000 4.666375 0.104673
66.000000 4.664980 0.104702
66.100000 4.663369 0.104728
66.200000 4.661499 0.104752
66.300000 4.659325 0.104780
66.400000 4.656798 0.104817
66.500000 4.653863 0.104869
66.600000 4.650466 0.104943
66.700000 4.646548 0.105046
66.800000 4.642052 0.105186
66.900000 4.636923 0.105369
67.000000 4.631111 0.105601
67.100000 4.624571 0.105887
67.200000 4.617265 0.106228
67.300000 4.609168 0.106627
67.400000 4.600266 0.107081
67.500000 4.590556 0.107587
67.600000 4.580052 0.108139
67.700000 4.568779 0.108729
67.800000 4.556774 0.109347
67.900000 4.544087 0.109984
68.000000 4.530777 0.110626
68.100000 4.516909 0.111263
68.200000 4.502553 0.111882
68.300000 4.487785 0.112471
68.400000 4.472677 0.113021
68.500000 4.457305 0.113522
68.600000 4.441741 0.113965
68.700000 4.426055 0.114344
68.800000 4.410318 0.114652
68.900000 4.394597 0.114885
69.000000 4.378961 0.115042
69.100000 4.363478 0.115122
69.200000 4.348220 0.115126
69.300000 4.333261 0.115056
69.400000 4.318682 0.114918
69.500000 4.304568 0.114718
69.600000 4.291010 0.114466
69.700000 4.278104 0.114170
69.800000 4.265950 0.113842
69.900000 4.254651 0.113495
70.000000 4.244307 0.113143
70.100000 4.235014 0.112798
70.200000 4.226856 0.112473
70.300000 4.219908 0.112177
70.400000 4.214222 0.111921
70.500000 4.209834 0.111708
70.600000 4.206751 0.111542
70.700000 4.204960 0.111422
70.800000 4.204420 0.111343
70.900000 4.205071 0.111298
71.000000 4.206830 0.111277
71.100000 4.209598 0.111269
71.200000 4.213265 0.111263
71.300000 4.217709 0.111245
71.400000 4.222805 0.111204
71.500000 4.228423 0.111131
71.600000 4.234434 0.111017
71.700000 4.240709 0.110857
71.800000 4.247118 0.110648
71.900000 4.253534 0.110391
72.000000 4.259830 0.110089
72.100000 4.265875 0.109751
72.200000 4.271541 0.109385
72.300000 4.276695 0.109004
72.400000 4.281203 0.108625
72.500000 4.284932 0.108263
72.600000 4.287750 0.107938
72.700000 4.289530 0.107666
72.800000 4.290153 0.107463
72.900000 4.289516 0.107345
73.000000 4.287532 0.107320
73.100000 4.284137 0.107396
73.200000 4.279295 0.107574
73.300000 4.272996 0.107848
73.400000 4.265259 0.108210
73.500000 4.256132 0.108648
73.600000 4.245687 0.109143
73.700000 4.234018 0.109678
73.800000 4.221234 0.110231
73.900000 4.207459 0.110783
74.000000 4.192821 0.111313
74.100000 4.177454 0.111805
74.200000 4.161492 0.112241
74.300000 4.145066 0.112608
74.400000 4.128305 0.112896
74.500000 4.111335 0.113096
74.600000 4.094276 0.113204
74.700000 4.077249 0.113216
74.800000 4.060371 0.113134
74.900000 4.043758 0.112959
75.000000 4.027529 0.112699
75.100000 4.011803 0.112361
75.200000 3.996700 0.111957
75.300000 3.982345 0.111500
75.400000 3.968859 0.111004
75.500000 3.956367 0.110488
75.600000 3.944988 0.109968
75.700000 3.934837 0.109464
75.800000 3.926017 0.108992
75.900000 3.918620 0.108569
76.000000 3.912717 0.108209
76.100000 3.908362 0.107924
76.200000 3.905583 0.107720
76.300000 3.904382 0.107601
76.400000 3.904737 0.107566
76.500000 3.906601 0.107609
76.600000 3.909905 0.107722
76.700000 3.914559 0.107892
76.800000 3.920457 0.108106
76.900000 3.927482 0.108349
77.000000 3.935509 0.108604
77.100000 3.944406 0.108858
77.200000 3.954041 0.109095
77.300000 3.964281 0.109302
77.400000 3.974997 0.109470
77.500000 3.986060 0.109589
77.600000 3.997348 0.109653
77.700000 4.008740 0.109656
77.800000 4.020119 0.109599
77.900000 4.031373 0.109480
78.000000 4.042392 0.109303
78.100000 4.053071 0.109072
78.200000 4.063307 0.108794
78.300000 4.073001 0.108477
78.400000 4.082059 0.108133
78.500000 4.090394 0.107772
78.600000 4.097923 0.107408
78.700000 4.104573 0.107053
78.800000 4.110279 0.106721
78.900000 4.114986 0.106425
79.000000 4.118653 0.106176
79.100000 4.121249 0.105985
79.200000 4.122758 0.105859
79.300000 4.123174 0.105803
79.400000 4.122505 0.105820
79.500000 4.120771 0.105909
79.600000 4.118001 0.106067
79.700000 4.114232 0.106287
79.800000 4.109508 0.106560
79.900000 4.103878 0.106877
80.000000 4.097393 0.107227
80.100000 4.090107 0.107596
80.200000 4.082076 0.107975
80.300000 4.073353 0.108350
80.400000 4.063991 0.108711
80.500000 4.054044 0.109048
80.600000 4.043563 0.109355
80.700000 4.032598 0.109622
80.800000 4.021199 0.109846
80.900000 4.009415 0.110023
81.000000 3.997293 0.110150
81.100000 3.984881 0.110227
81.200000 3.972224 0.110255
81.300000 3.959368 0.110235
81.400000 3.946354 0.110171
81.500000 3.933225 0.110067
81.600000 3.920020 0.109929
81.700000 3.906775 0.109761
81.800000 3.893525 0.109570
81.900000 3.880301 0.109361
82.000000 3.867131 0.109142
82.100000 3.854042 0.108916
82.200000 3.841057 0.108690
82.300000 3.828198 0.108467
82.400000 3.815486 0.108249
82.500000 3.802942 0.108040
82.600000 3.790587 0.107840
82.700000 3.778444 0.107648
82.800000 3.766535 0.107464
82.900000 3.754888 0.107285
83.000000 3.743533 0.107110
83.100000 3.732502 0.106936
83.200000 3.721830 0.106761
83.300000 3.711557 0.106582
83.400000 3.701725 0.106398
83.500000 3.692381 0.106210
83.600000 3.683572 0.106016
83.700000 3.675351 0.105820
83.800000 3.667772 0.105623
83.900000 3.660892 0.105431
84.000000 3.654770 0.105248
84.100000 3.649469 0.105081
84.200000 3.645050 0.104937
84.300000 3.641577 0.104824
84.400000 3.639116 0.104749
84.500000 3.637728 0.104721
84.600000 3.637475 0.104747
84.700000 3.638415 0.104832
84.800000 3.640601 0.104982
84.900000 3.644079 0.105199
85.000000 3.648887 0.105484
85.100000 3.655054 0.105838
85.200000 3.662596 0.106257
85.300000 3.671519 0.106736
85.400000 3.681816 0.107269
85.500000 3.693466 0.107847
85.600000 3.706436 0.108462
85.700000 3.720682 0.109102
85.800000 3.736144 0.109758
85.900000 3.752754 0.110418
86.000000 3.770435 0.111071
86.100000 3.789099 0.111706
86.200000 3.808652 0.112312
86.300000 3.828994 0.112881
86.400000 3.850018 0.113402
86.500000 3.871615 0.113868
86.600000 3.893673 0.114271
86.700000 3.916078 0.114603
86.800000 3.938715 0.114861
86.900000 3.961466 0.115038
87.000000 3.984217 0.115131
87.100000 4.006852 0.115138
87.200000 4.029256 0.115058
87.300000 4.051314 0.114891
87.400000 4.072913 0.114638
87.500000 4.093940 0.114304
87.600000 4.114284 0.113892
87.700000 4.133834 0.113410
87.800000 4.152478 0.112867
87.900000 4.170109 0.112274
88.000000 4.186620 0.111645
88.100000 4.201905 0.110994
88.200000 4.215868 0.110338
88.300000 4.228414 0.109697
88.400000 4.239460 0.109088
88.500000 4.248936 0.108532
88.600000 4.256783 0.108047
88.700000 4.262963 0.107650
88.800000 4.267458 0.107354
88.900000 4.270271 0.107170
89.000000 4.271428 0.107102
89.100000 4.270980 0.107152
89.200000 4.268997 0.107314
89.300000 4.265566 0.107578
89.400000 4.260792 0.107932
89.500000 4.254788 0.108357
89.600000 4.247675 0.108834
89.700000 4.239576 0.109342
89.800000 4.230613 0.109862
89.900000 4.220904 0.110373
90.000000 4.210562 0.110856
90.100000 4.199694 0.111294
90.200000 4.188398 0.111674
90.300000 4.176770 0.111984
90.400000 4.164895 0.112215
90.500000 4.152859 0.112360
90.600000 4.140738 0.112417
90.700000 4.128610 0.112383
90.800000 4.116549 0.112262
90.900000 4.104625 0.112057
91.000000 4.092909 0.111775
91.100000 4.081468 0.111425
91.200000 4.070366 0.111019
91.300000 4.059662 0.110569
91.400000 4.049411 0.110088
91.500000 4.039660 0.109593
91.600000 4.030447 0.109097
91.700000 4.021800 0.108615
91.800000 4.013736 0.108160
91.900000 4.006261 0.107743
92.000000 3.999368 0.107372
92.100000 3.993039 0.107054
92.200000 3.987245 0.106791
92.300000 3.981947 0.106585
92.400000 3.977100 0.106431
92.500000 3.972652 0.106326
92.600000 3.968545 0.106264
92.700000 3.964723 0.106238
92.800000 3.961125 0.106240
92.900000 3.957693 0.106264
93.000000 3.954368 0.106302
93.100000 3.951093 0.106352
93.200000 3.947813 0.106407
93.300000 3.944476 0.106468
93.400000 3.941032 0.106533
93.500000 3.937434 0.106603
93.600000 3.933636 0.106681
93.700000 3.929600 0.106769
93.800000 3.925288 0.106871
93.900000 3.920670 0.106990
94.000000 3.915722 0.107130
94.100000 3.910424 0.107293
94.200000 3.904767 0.107480
94.300000 3.898746 0.107692
94.400000 3.892368 0.107925
94.500000 3.885645 0.108178
94.600000 3.878596 0.108445
94.700000 3.871248 0.108720
94.800000 3.863633 0.108995
94.900000 3.855786 0.109261
95.000000 3.847746 0.109511
95.100000 3.839555 0.109736
95.200000 3.831255 0.109926
95.300000 3.822888 0.110075
95.400000 3.814498 0.110175
95.500000 3.806127 0.110222
95.600000 3.797815 0.110211
95.700000 3.789603 0.110139
95.800000 3.781531 0.110007
95.900000 3.773640 0.109816
96.000000 3.765968 0.109568
96.100000 3.758555 0.109268
96.200000 3.751440 0.108923
96.300000 3.744661 0.108540
96.400000 3.738257 0.108127
96.500000 3.732264 0.107696
96.600000 3.726718 0.107256
96.700000 3.721650 0.106818
96.800000 3.717089 0.106392
96.900000 3.713059 0.105989
97.000000 3.709575 0.105616
97.100000 3.706650 0.105282
97.200000 3.704287 0.104990
97.300000 3.702481 0.104746
97.400000 3.701221 0.104550
97.500000 3.700487 0.104402
97.600000 3.700254 0.104298
97.700000 3.700489 0.104236
97.800000 3.701156 0.104208
97.900000 3.702215 0.104208
98.000000 3.703621 0.104230
98.100000 3.705330 0.104266
98.200000 3.707295 0.104309
98.300000 3.709471 0.104352
98.400000 3.711810 0.104390
98.500000 3.714268 0.104419
98.600000 3.716800 0.104435
98.700000 3.719362 0.104437
98.800000 3.721912 0.104422
98.900000 3.724410 0.104393
99.000000 3.726815 0.104350
99.100000 3.729092 0.104296
99.200000 3.731204 0.104235
99.300000 3.733120 0.104169
99.400000 3.734810 0.104104
99.500000 3.736251 0.104043
99.600000 3.737423 0.103990
99.700000 3.738311 0.103947
99.800000 3.738907 0.103919
99.900000 3.739210 0.103905
100.000000 3.739224 0.103907
100.100000 3.738961 0.103923
100.200000 3.738440 0.103952
100.300000 3.737683 0.103992
100.400000 3.736721 0.104039
100.500000 3.735588 0.104090
100.600000 3.734324 0.104142
100.700000 3.732969 0.104191
100.800000 3.731570 0.104233
100.900000 3.730173 0.104268
101.000000 3.728827 0.104293
101.100000 3.727582 0.104310
101.200000 3.726491 0.104320
101.300000 3.725604 0.104326
101.400000 3.724975 0.104334
101.500000 3.724656 0.104348
101.600000 3.724700 0.104377
101.700000 3.725157 0.104427
101.800000 3.726077 0.104509
101.900000 3.727505 0.104629
102.000000 3.729482 0.104796
102.100000 3.732042 0.105016
102.200000 3.735211 0.105293
102.300000 3.739008 0.105629
102.400000 3.743439 0.106023
102.500000 3.748501 0.106472
102.600000 3.754180 0.106970
102.700000 3.760451 0.107507
102.800000 3.767278 0.108073
102.900000 3.774619 0.108653
103.000000 3.782424 0.109234
103.100000 3.790636 0.109801
103.200000 3.799197 0.110339
103.300000 3.808047 0.110833
103.400000 3.817122 0.111271
103.500000 3.826364 0.111641
103.600000 3.835710 0.111933
103.700000 3.845103 0.112139
103.800000 3.854486 0.112255
103.900000 3.863802 0.112275
104.000000 3.872995 0.112202
104.100000 3.882010 0.112036
104.200000 3.890791 0.111782
104.300000 3.899279 0.111448
104.400000 3.907417 0.111044
104.500000 3.915146 0.110583
104.600000 3.922405 0.110079
104.700000 3.929134 0.109548
104.800000 3.935276 0.109009
104.900000 3.940776 0.108479
105.000000 3.945588 0.107976
105.100000 3.949672 0.107515
105.200000 3.953000 0.107112
105.300000 3.955557 0.106776
105.400000 3.957342 0.106514
105.500000 3.958371 0.106330
105.600000 3.958673 0.106222
105.700000 3.958292 0.106184
105.800000 3.957283 0.106207
105.900000 3.955711 0.106281
106.000000 3.953649 0.106391
106.100000 3.951174 0.106524
106.200000 3.948363 0.106667
106.300000 3.945297 0.106807
106.400000 3.942052 0.106933
106.500000 3.938704 0.107037
106.600000 3.935329 0.107114
106.700000 3.931999 0.107159
106.800000 3.928787 0.107174
106.900000 3.925766 0.107161
107.000000 3.923008 0.107128
107.100000 3.920589 0.107083
107.200000 3.918584 0.107037
107.300000 3.917070 0.107003
107.400000 3.916122 0.106994
107.500000 3.915812 0.107024
107.600000 3.916207 0.107107
107.700000 3.917364 0.107250
107.800000 3.919332 0.107463
107.900000 3.922141 0.107749
108.000000 3.925808 0.108105
108.100000 3.930332 0.108526
108.200000 3.935694 0.109003
108.300000 3.941855 0.109522
108.400000 3.948766 0.110066
108.500000 3.956358 0.110617
108.600000 3.964558 0.111155
108.700000 3.973282 0.111664
108.800000 3.982440 0.112123
108.900000 3.991944 0.112519
109.000000 4.001703 0.112837
109.100000 4.011628 0.113066
109.200000 4.021634 0.113200
109.300000 4.031639 0.113233
109.400000 4.041563 0.113164
109.500000 4.051332 0.112995
109.600000 4.060874 0.112729
109.700000 4.070119 0.112375
109.800000 4.079000 0.111943
109.900000 4.087452 0.111444
110.000000 4.095410 0.110895
110.100000 4.102812 0.110311
110.200000 4.109596 0.109712
110.300000 4.115702 0.109117
110.400000 4.121073 0.108544
110.500000 4.125655 0.108013
110.600000 4.129399 0.107541
110.700000 4.132263 0.107141
110.800000 4.134209 0.106826
110.900000 4.135213 0.106602
111.000000 4.135256 0.106472
111.100000 4.134330 0.106436
111.200000 4.132438 0.106488
111.300000 4.129591 0.106620
111.400000 4.125810 0.106819
111.500000 4.121124 0.107074
111.600000 4.115566 0.107369
111.700000 4.109179 0.107690
111.800000 4.102006 0.108025
111.900000 4.094096 0.108360
112.000000 4.085500 0.108686
112.100000 4.076273 0.108994
112.200000 4.066468 0.109277
112.300000 4.056142 0.109532
112.400000 4.045353 0.109756
112.500000 4.034157 0.109949
112.600000 4.022613 0.110112
112.700000 4.010778 0.110248
112.800000 3.998710 0.110360
112.900000 3.986465 0.110453
113.000000 3.974097 0.110532
113.100000 3.961659 0.110600
113.200000 3.949200 0.110661
113.300000 3.936768 0.110719
113.400000 3.924404 0.110775
113.500000 3.912150 0.110829
113.600000 3.900039 0.110882
113.700000 3.888104 0.110933
113.800000 3.876371 0.110978
113.900000 3.864863 0.111015
114.000000 3.853602 0.111039
114.100000 3.842605 0.111046
114.200000 3.831887 0.111034
114.300000 3.821462 0.110998
114.400000 3.811341 0.110937
114.500000 3.801537 0.110850
114.600000 3.792059 0.110738
114.700000 3.782920 0.110608
114.800000 3.774130 0.110465
114.900000 3.765698 0.110325
115.000000 3.758235 0.111751
115.100000 3.750466 0.111729
115.200000 3.743063 0.111770
115.300000 3.736605 0.115150
115.400000 3.729834 0.117047
115.500000 3.723567 0.121751
115.600000 3.717186 0.125063
115.700000 3.710512 0.125805
115.800000 3.703610 0.127478
115.900000 3.695839 0.131745
116.000000 3.688505 0.133200
116.100000 3.679716 0.137284
116.200000 3.670287 0.140513
116.300000 3.659789 0.143117
116.400000 3.650504 0.144017
116.500000 3.640689 0.143486
116.600000 3.631906 0.143106
116.700000 3.623278 0.142608
116.800000 3.614216 0.141237
116.900000 3.605371 0.139305
117.000000 3.596518 0.137954
117.100000 3.587225 0.137182
117.200000 3.577893 0.136824
117.300000 3.568410 0.136847
117.400000 3.559078 0.135620
117.500000 3.549232 0.135558
117.600000 3.539933 0.135481
117.700000 3.530602 0.135339
117.800000 3.521489 0.134722
117.900000 3.511933 0.134413
118.000000 3.501955 0.134480
118.100000 3.491866 0.134517
118.200000 3.481672 0.134524
118.300000 3.471379 0.134502
118.400000 3.460995 0.134451
118.500000 3.450532 0.134373
118.600000 3.439999 0.134269
118.700000 3.429411 0.134140
118.800000 3.418780 0.133988
118.900000 3.408123 0.133815
119.000000 3.397455 0.133620
119.100000 3.386794 0.133408
119.200000 3.376158 0.133178
119.300000 3.365565 0.132933
119.400000 3.355034 0.132675
119.500000 3.344585 0.132405
119.600000 3.334236 0.132124
119.700000 3.324008 0.131835
119.800000 3.313918 0.131540
119.900000 3.303987 0.131239
120.000000 3.294232 0.130934
120.100000 3.284670 0.130628
120.200000 3.275318 0.130320
120.300000 3.266192 0.130013
120.400000 3.257307 0.129709
120.500000 3.248675 0.129408
120.600000 3.240309 0.129111
120.700000 3.232220 0.128820
120.800000 3.224415 0.128536
120.900000 3.216903 0.128260
121.000000 3.209690 0.127992
121.100000 3.202780 0.127735
121.200000 3.196174 0.127487
121.300000 3.189874 0.127252
121.400000 3.183879 0.127028
121.500000 3.178185 0.126816
121.600000 3.172789 0.126618
121.700000 3.167684 0.126433
121.800000 3.162862 0.126261
121.900000 3.158316 0.126104
122.000000 3.154033 0.125960
122.100000 3.150002 0.125831
122.200000 3.146210 0.125715
122.300000 3.142644 0.125612
122.400000 3.139288 0.125523
122.500000 3.136125 0.125446
122.600000 3.133141 0.125382
122.700000 3.130318 0.125329
122.800000 3.127638 0.125286
122.900000 3.125085 0.125253
123.000000 3.122640 0.125228
123.100000 3.120286 0.125211
123.200000 3.118007 0.125200
123.300000 3.115786 0.125195
123.400000 3.113606 0.125193
123.500000 3.111453 0.125194
123.600000 3.109312 0.125197
123.700000 3.107170 0.125200
123.800000 3.105014 0.125201
123.900000 3.102835 0.125201
124.000000 3.100622 0.125198
124.100000 3.098367 0.125192
124.200000 3.096064 0.125180
124.300000 3.093708 0.125163
124.400000 3.091296 0.125141
124.500000 3.088826 0.125112
124.600000 3.086299 0.125078
124.700000 3.083717 0.125037
124.800000 3.081083 0.124991
124.900000 3.078404 0.124940
125.000000 3.075686 0.124884
125.100000 3.072939 0.124825
125.200000 3.070174 0.124763
125.300000 3.067403 0.124700
125.400000 3.064639 0.124637
125.500000 3.061899 0.124575
125.600000 3.059198 0.124517
125.700000 3.056556 0.124463
125.800000 3.053990 0.124415
125.900000 3.051521 0.124375
126.000000 3.049171 0.124344
126.100000 3.046960 0.124324
126.200000 3.044911 0.124316
126.300000 3.043048 0.124322
126.400000 3.041392 0.124342
126.500000 3.039969 0.124377
126.600000 3.038801 0.124428
126.700000 3.037912 0.124495
126.800000 3.037324 0.124578
126.900000 3.037062 0.124676
127.000000 3.037148 0.124790
127.100000 3.037603 0.124918
127.200000 3.038448 0.125058
127.300000 3.039705 0.125211
127.400000 3.041392 0.125373
127.500000 3.043529 0.125544
127.600000 3.046131 0.125721
127.700000 3.049216 0.125901
127.800000 3.052799 0.126083
127.900000 3.056893 0.126264
128.000000 3.061511 0.126442
128.100000 3.066663 0.126614
128.200000 3.072359 0.126777
128.300000 3.078607 0.126931
128.400000 3.085415 0.127071
128.500000 3.092786 0.127198
128.600000 3.100726 0.127307
128.700000 3.109236 0.127399
128.800000 3.118318 0.127472
128.900000 3.127972 0.127525
129.000000 3.138197 0.127557
129.100000 3.148988 0.127567
129.200000 3.160344 0.127556
129.300000 3.172258 0.127524
129.400000 3.184726 0.127471
129.500000 3.197740 0.127398
129.600000 3.211292 0.127305
129.700000 3.225374 0.127195
129.800000 3.239977 0.127069
129.900000 3.255091 0.126928
130.000000 3.270705 0.126774
130.100000 3.286809 0.126610
130.200000 3.303391 0.126436
130.300000 3.320439 0.126256
130.400000 3.337942 0.126071
130.500000 3.355887 0.125884
130.600000 3.374262 0.125695
130.700000 3.393054 0.125509
130.800000 3.412252 0.125325
130.900000 3.431842 0.125146
131.000000 3.451813 0.124973
131.100000 3.472151 0.124808
131.200000 3.492845 0.124652
131.300000 3.513883 0.124505
131.400000 3.535252 0.124368
131.500000 3.556940 0.124242
131.600000 3.578935 0.124127
131.700000 3.601227 0.124024
131.800000 3.623803 0.123931
131.900000 3.646651 0.123849
132.000000 3.669760 0.123777
132.100000 3.693119 0.123716
132.200000 3.716716 0.123664
132.300000 3.740539 0.123621
132.400000 3.764576 0.123587
132.500000 3.788816 0.123560
132.600000 3.813247 0.123541
132.700000 3.837856 0.123528
132.800000 3.862631 0.123521
132.900000 3.887558 0.123520
133.000000 3.912625 0.123525
133.100000 3.937817 0.123534
133.200000 3.963121 0.123549
133.300000 3.988520 0.123568
133.400000 4.014002 0.123592
133.500000 4.039548 0.123620
133.600000 4.065143 0.123654
133.700000 4.090770 0.123692
133.800000 4.116411 0.123735
133.900000 4.142048 0.123783
134.000000 4.167662 0.123835
134.100000 4.193232 0.123893
134.200000 4.218739 0.123955
134.300000 4.244163 0.124022
134.400000 4.269480 0.124093
134.500000 4.294670 0.124168
134.600000 4.319711 0.124246
134.700000 4.344578 0.124327
134.800000 4.369250 0.124410
134.900000 4.393702 0.124493
135.000000 4.417910 0.124577
135.100000 4.441851 0.124659
135.200000 4.465500 0.124739
135.300000 4.488834 0.124815
135.400000 4.511828 0.124886
135.500000 4.534458 0.124950
135.600000 4.556701 0.125007
135.700000 4.578534 0.125054
135.800000 4.599934 0.125090
135.900000 4.620878 0.125114
136.000000 4.641346 0.125125
136.100000 4.661317 0.125122
136.200000 4.680770 0.125104
136.300000 4.699687 0.125070
136.400000 4.718050 0.125019
136.500000 4.735842 0.124952
136.600000 4.753049 0.124868
136.700000 4.769656 0.124767
136.800000 4.785651 0.124650
136.900000 4.801022 0.124516
137.000000 4.815759 0.124367
137.100000 4.829855 0.124205
137.200000 4.843303 0.124029
137.300000 4.856098 0.123841
137.400000 4.868238 0.123643
137.500000 4.879720 0.123437
137.600000 4.890545 0.123224
137.700000 4.900716 0.123007
137.800000 4.910235 0.122786
137.900000 4.919108 0.122565
138.000000 4.927343 0.122345
138.100000 4.934948 0.122128
138.200000 4.941933 0.121916
138.300000 4.948309 0.121711
138.400000 4.954091 0.121514
138.500000 4.959293 0.121328
138.600000 4.963931 0.121153
138.700000 4.968021 0.120991
138.800000 4.971582 0.120842
138.900000 4.974633 0.120708
139.000000 4.977194 0.120589
139.100000 4.979287 0.120486
139.200000 4.980933 0.120398
139.300000 4.982154 0.120325
139.400000 4.982973 0.120269
139.500000 4.983412 0.120227
139.600000 4.983496 0.120199
139.700000 4.983248 0.120185
139.800000 4.982690 0.120184
139.900000 4.981847 0.120194
140.000000 4.980741 0.120215
140.100000 4.979395 0.120246
140.200000 4.977832 0.120286
140.300000 4.976072 0.120333
140.400000 4.974138 0.120386
140.500000 4.972049 0.120445
140.600000 4.969825 0.120507
140.700000 4.967485 0.120573
140.800000 4.965046 0.120642
140.900000 4.962525 0.120712
141.000000 4.959938 0.120783
141.100000 4.957299 0.120855
141.200000 4.954621 0.120926
141.300000 4.951917 0.120998
141.400000 4.949197 0.121069
141.500000 4.946471 0.121140
141.600000 4.943748 0.121210
141.700000 4.941034 0.121280
141.800000 4.938336 0.121350
141.900000 4.935658 0.121420
142.000000 4.933005 0.121492
142.100000 4.930378 0.121564
142.200000 4.927779 0.121639
142.300000 4.925208 0.121716
142.400000 4.922665 0.121797
142.500000 4.920147 0.121881
142.600000 4.917653 0.121970
142.700000 4.915179 0.122065
142.800000 4.912720 0.122166
142.900000 4.910273 0.122274
143.000000 4.907831 0.122390
143.100000 4.905388 0.122515
143.200000 4.902939 0.122649
143.300000 4.900476 0.122794
143.400000 4.897992 0.122949
143.500000 4.895480 0.123116
143.600000 4.892933 0.123296
143.700000 4.890342 0.123489
143.800000 4.887700 0.123696
143.900000 4.885000 0.123917
144.000000 4.882234 0.124154
144.100000 4.879395 0.124405
144.200000 4.876476 0.124673
144.300000 4.873470 0.124956
144.400000 4.870372 0.125256
144.500000 4.867175 0.125573
144.600000 4.863873 0.125906
144.700000 4.860463 0.126256
144.800000 4.856938 0.126622
144.900000 4.853297 0.127004
145.000000 4.849534 0.127401
145.100000 4.845648 0.127813
145.200000 4.841636 0.128239
145.300000 4.837497 0.128678
145.400000 4.833230 0.129129
145.500000 4.828834 0.129591
145.600000 4.824309 0.130063
145.700000 4.819657 0.130542
145.800000 4.814879 0.131030
145.900000 4.809976 0.131523
146.000000 4.804952 0.132021
146.100000 4.799808 0.132523
146.200000 4.794548 0.133030
146.300000 4.789177 0.133540
146.400000 4.783697 0.134054
146.500000 4.778115 0.134574
146.600000 4.772433 0.135101
146.700000 4.766659 0.135639
146.800000 4.760796 0.136191
146.900000 4.754851 0.136764
147.000000 4.748828 0.137363
147.100000 4.742735 0.137998
147.200000 4.736576 0.138678
147.300000 4.730358 0.139417
147.400000 4.724590 0.141974
147.500000 4.718625 0.144467
147.600000 4.712889 0.146610
147.700000 4.707652 0.150014
147.800000 4.701747 0.150286
147.900000 4.696713 0.153200
148.000000 4.692327 0.155459
148.100000 4.687585 0.159053
148.200000 4.682464 0.161721
148.300000 4.678787 0.166702
148.400000 4.675947 0.174298
148.500000 4.674431 0.182789
148.600000 4.675587 0.193996
148.700000 4.676229 0.203510
148.800000 4.679040 0.217171
148.900000 4.679844 0.225213
149.000000 4.681677 0.234884
149.100000 4.690155 0.228112
149.200000 4.703205 0.223183
149.300000 4.719409 0.217085
149.400000 4.738148 0.208535
149.500000 4.749007 0.197138
149.600000 4.731645 0.216915
149.700000 4.714022 0.240031
149.800000 4.694601 0.266992
149.900000 4.672321 0.294061
150.000000 4.649550 0.326162
