depth	d18O
0	3.38
0	3.28
0.04	3.42
0.04	3.14
0.2	3.39
0.4	3.27
0.6	3.31
1	3.3
1.2	3.16
1.4	3.49
1.6	3.4
1.8	3.22
2	3.43
2.2	3.36
2.4	3.19
2.5	3.43
2.6	3.83
2.8	3.63
3	3.54
3	3.35
3.1	3.65
3.2	3.77
3.3	3.94
3.4	3.78
3.5	3.72
3.6	3.86
3.7	4
3.8	4.17
3.9	4.33
3.9	4.36
4	3.85
4	3.97
4.04	4.24
4.08	4.13
4.08	4.2
4.1	4.29
4.1	4.04
4.12	4.18
4.12	4.1
4.16	4.24
4.16	4.19
4.2	4.25
4.24	4.1
4.24	4.13
4.28	4.12
4.28	4.14
4.3	4.19
4.3	4.04
4.32	4.27
4.36	4.39
4.4	3.99
4.4	4.18
4.44	4.37
4.48	4.19
4.48	4.28
4.48	4.42
4.5	4.34
4.52	4.44
4.56	4.45
4.6	4.35
4.64	4.23
4.64	4.41
4.68	4.52
4.7	4.45
4.72	4.53
4.76	4.69
4.8	4.92
4.84	4.77
4.88	4.6
4.88	4.38
4.88	4.67
4.88	4.56
4.88	4.78
4.9	4.64
4.92	4.7
4.96	4.71
5	4.78
5.04	4.87
5.08	4.9
5.1	4.75
5.12	4.84
5.16	4.86
5.2	4.76
5.24	4.73
5.28	4.9
5.3	4.78
5.32	4.91
5.36	4.94
5.4	4.77
5.44	4.93
5.48	4.98
5.5	5.17
5.52	5.03
5.56	5.02
5.6	4.98
5.64	5.06
5.68	5.11
5.7	4.97
5.7	4.99
5.72	5.13
5.76	5.13
5.8	5.15
5.8	5.01
5.84	5.05
5.88	4.83
5.9	5.09
5.9	4.96
5.9	5.05
5.92	5.15
5.96	5
6	5.12
6	4.99
6.04	5.04
6.04	5.23
6.08	5.1
6.12	4.78
6.12	5.14
6.16	5.01
6.2	5.2
6.24	5.09
6.24	5.18
6.28	5.04
6.32	5.02
6.32	5.11
6.36	5.08
6.36	5.06
6.36	5.03
6.4	5.12
6.4	4.93
6.44	5.12
6.48	5.12
6.52	5.02
6.56	5.04
6.6	4.85
6.64	5.12
6.68	5.14
6.72	4.97
6.76	5.05
6.81	4.89
6.84	5.13
6.88	5.02
6.92	5.05
6.96	5
7	4.91
7	5.04
7.04	4.77
7.04	5.17
7.04	5.17
7.08	4.92
7.08	5.11
7.12	4.92
7.12	4.99
7.16	5.07
7.16	4.95
7.2	5
7.24	5.11
7.28	4.95
7.32	4.96
7.36	4.99
7.4	4.86
7.44	4.96
7.48	4.86
7.48	5.11
7.52	4.97
7.56	5
7.6	4.68
7.64	4.98
7.68	4.59
7.72	4.95
7.76	4.89
7.84	4.96
7.88	4.95
7.9	4.7
7.92	4.86
7.96	4.91
8.04	4.6
8.08	4.84
8.1	5.1
8.12	4.77
8.16	4.79
8.2	4.73
8.24	4.72
8.24	4.81
8.24	4.78
8.24	4.77
8.28	4.95
8.28	4.83
8.32	4.53
8.32	4.83
8.36	4.71
8.44	4.77
8.48	4.93
8.52	4.95
8.56	4.79
8.6	5.08
8.64	4.92
8.68	4.93
8.72	4.93
8.76	4.83
8.84	5
8.88	4.77
8.92	4.77
8.92	4.86
8.96	4.82
9	4.91
9.04	4.98
9.08	4.85
9.12	4.87
9.16	4.98
9.24	4.73
9.28	4.89
9.28	4.84
9.32	5.02
9.32	4.8
9.36	4.87
9.4	4.86
9.4	4.63
9.44	4.59
9.44	4.87
9.48	4.93
9.52	4.83
9.52	4.98
9.56	4.93
9.56	4.99
9.6	4.93
9.6	4.72
9.64	5.04
9.64	4.97
9.68	4.93
9.72	4.61
9.76	4.87
9.8	4.74
9.84	4.85
9.96	4.84
10	4.61
10	4.68
10.04	4.44
10.04	4.69
10.08	4.76
10.12	4.82
10.16	4.62
10.2	4.7
10.24	4.75
10.28	4.6
10.36	4.84
10.36	4.17
10.36	4.29
10.4	4.69
10.4	4.63
10.4	4.82
10.44	4.49
10.44	4.72
10.48	4.69
10.48	4.72
10.52	4.53
10.52	4.71
10.52	4.54
10.56	4.46
10.56	4.58
10.6	4.55
10.64	4.6
10.64	4.47
10.68	4.65
10.72	4.63
10.76	4.51
10.76	4.78
10.8	4.85
10.84	4.61
10.88	4.76
10.92	4.78
10.96	4.59
11	4.62
11.04	4.75
11.04	4.85
11.08	4.86
11.08	4.47
11.12	4.64
11.16	4.59
11.2	4.76
11.2	4.94
11.24	4.53
11.24	4.57
11.24	4.4
11.28	4.49
11.28	4.52
11.32	4.68
11.36	4.75
11.4	4.8
11.44	4.74
11.48	4.69
11.52	4.68
11.52	4.68
11.56	4.86
11.56	4.8
11.6	4.76
11.64	4.8
11.68	4.61
11.72	4.59
11.76	4.55
11.8	4.47
11.84	4.63
11.88	4.64
11.92	4.7
11.96	4.71
11.96	4.62
11.96	4.75
12	4.54
12	4.84
12	4.74
12.04	4.48
12.04	4.81
12.08	4.54
12.08	4.5
12.12	4.6
12.16	4.69
12.2	4.59
12.2	4.53
12.2	4.6
12.24	4.59
12.24	4.56
12.28	4.44
12.32	4.61
12.32	4.68
12.36	4.55
12.4	4.64
12.4	4.57
12.44	4.69
12.44	4.49
12.48	4.43
12.48	4.43
12.48	4.55
12.5	4.61
12.5	4.51
12.5	4.57
12.52	4.59
12.52	4.51
12.56	4.82
12.56	4.71
12.56	4.7
12.6	4.42
12.6	4.58
12.6	4.46
12.64	4.29
12.64	4.42
12.68	4.39
12.7	4.34
12.7	4.42
12.72	4.11
12.72	4.36
12.76	4.42
12.8	4.38
12.84	4.39
12.88	4.33
12.88	4.72
12.88	4.45
12.88	4.34
12.92	4.46
12.96	4.59
12.96	4.59
13	4.53
13	4.54
13.04	4.53
13.04	4.52
13.04	4.47
13.08	4.39
13.12	4.34
13.16	4.55
13.2	4.36
13.24	4.44
13.28	4.38
13.32	4.25
13.36	4.26
13.4	4.34
13.4	4.28
13.44	4.27
13.48	4.28
13.52	4.32
13.56	4.23
13.6	4.41
13.64	4.27
13.64	4.62
13.68	4.45
13.72	4.53
13.76	4.39
13.76	4.65
13.8	4.58
13.84	4.57
13.88	4.64
13.92	4.67
13.96	4.58
14	4.58
14	4.72
14.04	4.73
14.08	4.41
14.12	4.82
14.16	4.59
14.16	4.63
14.2	4.69
14.24	4.69
14.28	4.55
14.28	4.66
14.32	4.67
14.32	4.46
14.36	4.49
14.4	4.52
14.44	4.58
14.48	4.2
14.52	4.62
14.52	4.67
14.56	4.82
14.56	4.7
14.6	4.8
14.64	4.58
14.64	4.73
14.68	4.47
14.68	4.65
14.72	4.58
14.72	4.48
14.76	4.53
14.76	4.77
14.76	4.68
14.76	4.92
14.8	4.54
14.8	4.54
14.84	4.46
14.84	4.31
14.88	4.49
14.92	4.56
14.92	4.53
14.96	4.65
15	4.49
15.04	4.64
15.04	4.79
15.08	4.43
15.12	4.74
15.12	4.8
15.16	4.54
15.16	4.67
15.16	4.65
15.2	4.48
15.24	4.41
15.28	4.53
15.28	4.46
15.32	4.42
15.32	4.58
15.36	4.36
15.36	4.54
15.4	4.36
15.44	4.39
15.48	4.36
15.52	3.92
15.52	4.22
15.56	4.23
15.6	4.23
15.64	4.08
15.68	4.41
15.72	4.14
15.72	4.42
15.76	4.52
15.8	4.54
15.84	4.3
15.84	4.6
15.88	4.24
15.88	4.57
15.92	4.67
15.96	4.45
16	4.55
16.04	4.66
16.04	4.75
16.08	4.61
16.08	4.58
16.12	4.75
16.12	4.48
16.16	4.45
16.16	4.51
16.2	4.57
16.24	4.78
16.28	4.74
16.32	4.6
16.36	4.57
16.36	4.71
16.4	4.53
16.4	4.53
16.44	4.46
16.48	4.33
16.48	4.55
16.52	4.44
16.52	4.33
16.56	4.5
16.6	4.19
16.64	4.38
16.64	4.45
16.72	4.34
16.76	4.26
16.8	4.21
16.84	4.45
16.88	4.48
16.92	4.42
16.96	4.35
16.96	4.59
17	4.14
17	4.41
17.04	4.55
17.08	4.37
17.08	4.49
17.12	4.51
17.16	4.48
17.2	4.1
17.2	4.49
17.24	4.59
17.27	4.59
17.27	4.61
17.3	4.65
17.33	4.45
17.36	4.58
17.4	4.56
17.44	4.44
17.44	4.5
17.47	4.4
17.47	4.15
17.5	4.4
17.53	4.51
17.53	4.45
17.57	4.2
17.57	4.44
17.6	4.19
17.64	4.43
17.64	4.4
17.68	4.36
17.72	4.16
17.76	3.98
17.8	4.05
17.83	4.4
17.86	4.47
17.9	4.32
17.93	4.47
17.97	4.35
18	4.28
18.03	4.6
18.06	4.43
18.06	4.53
18.1	4.4
18.13	4.48
18.17	4.51
18.2	4.52
18.23	4.61
18.27	4.35
18.27	4.55
18.3	4.5
18.33	4.56
18.37	4.53
18.4	4.43
18.44	4.69
18.48	4.73
18.52	4.8
18.56	4.73
18.6	4.67
18.64	4.63
18.64	4.78
18.68	4.74
18.72	4.83
18.72	4.49
18.72	4.85
18.76	4.67
18.8	4.59
18.84	4.75
18.84	4.68
18.88	4.78
18.88	4.75
18.92	4.61
18.96	4.56
19	4.59
19.03	4.57
19.08	4.67
19.08	4.48
19.12	4.54
19.16	4.59
19.16	4.59
19.2	4.73
19.24	4.56
19.24	4.61
19.28	4.62
19.32	4.65
19.32	4.69
19.36	4.63
19.36	4.54
19.4	4.49
19.43	4.59
19.48	4.69
19.5	4.57
19.5	4.39
19.53	4.36
19.53	4.46
19.57	4.66
19.6	4.43
19.64	4.41
19.67	4.33
19.7	4.73
19.7	3.95
19.73	4.38
19.73	4.54
19.77	4.45
19.8	4.36
19.83	4.13
19.87	3.97
19.87	4.3
19.93	3.92
19.97	4.16
19.97	4.19
20	4.34
20.03	4.46
20.03	4.37
20.07	4.46
20.11	4.64
20.11	4.18
20.14	4.24
20.14	4.33
20.17	4.29
20.2	4.42
20.23	4.12
20.27	3.57
20.27	3.89
20.3	3.9
20.33	4.04
20.33	3.91
20.37	3.77
20.37	3.97
20.4	4.15
20.43	3.95
20.47	3.92
20.47	4.1
20.5	4.31
20.5	4.16
20.53	4.18
20.56	4.28
20.56	4.18
20.6	4.19
20.6	4.22
20.63	4.22
20.67	4.19
20.7	4.25
20.73	4.14
20.73	4.02
20.77	3.98
20.8	4
20.87	4.15
20.9	4.15
20.9	3.97
20.9	3.81
20.93	4.11
20.97	4.09
21	4.02
21.03	3.95
21.07	4.04
21.07	4.01
21.13	3.88
21.13	3.83
21.17	3.93
21.17	4.05
21.2	3.66
21.23	3.9
21.23	3.77
21.27	4.05
21.27	3.85
21.3	3.66
21.33	3.59
21.33	3.9
21.37	3.63
21.37	3.53
21.4	3.68
21.43	3.58
21.47	3.76
21.47	3.84
21.5	3.8
21.53	3.83
21.57	3.87
21.6	4.02
21.63	4.06
21.67	4.15
21.73	4.06
21.73	4.14
21.8	4.18
21.83	4.29
21.83	4.1
21.87	4.17
21.9	4.37
21.9	4.19
21.93	4.11
21.93	4.24
21.97	4.2
22	4
22.03	4.23
22.07	4.07
22.07	4
22.1	4.1
22.1	3.97
22.13	3.8
22.13	4.01
22.17	3.96
22.17	3.93
22.2	3.96
22.2	3.79
22.23	3.97
22.27	3.96
22.27	4.01
22.3	3.96
22.33	4
22.37	4.05
22.4	3.87
22.43	3.84
22.43	3.85
22.47	3.94
22.5	3.99
22.53	3.88
22.53	3.72
22.57	3.55
22.57	3.79
22.6	3.72
22.63	3.74
22.67	3.75
22.7	3.8
22.7	3.52
22.73	3.68
22.73	3.62
22.77	3.88
22.77	3.77
22.77	3.79
22.8	3.83
22.83	3.88
22.83	3.77
22.87	3.71
22.9	3.84
22.9	3.5
22.93	3.87
22.93	3.7
22.97	3.89
22.97	3.91
23	3.83
23.03	3.7
23.07	3.79
23.07	3.74
23.07	3.72
23.1	3.7
23.1	3.61
23.13	3.81
23.13	3.74
23.13	3.76
23.17	3.82
23.17	3.62
23.2	3.86
23.23	3.96
23.23	3.89
23.23	3.6
23.27	3.87
23.3	3.85
23.3	3.7
23.33	3.87
23.33	3.81
23.37	3.86
23.37	3.85
23.4	4.2
23.4	3.95
23.44	3.61
23.48	3.55
23.5	3.82
23.52	3.74
23.52	3.6
23.52	3.58
23.56	4.02
23.6	4.19
23.6	4.11
23.64	4.22
23.64	4
23.64	4.05
23.68	4.2
23.68	3.74
23.68	3.86
23.7	3.9
23.7	4.02
23.7	4.04
23.72	4.11
23.72	4.06
23.72	3.9
23.72	3.94
23.76	3.99
23.76	4.05
23.76	3.9
23.76	3.93
23.8	3.98
23.8	4.03
23.84	4
23.84	3.87
23.84	3.8
23.88	4.02
23.88	3.67
23.92	3.79
23.92	3.91
23.96	4.22
23.96	4
24.04	4.38
24.04	4.33
24.04	3.94
24.08	4.22
24.08	4.26
24.08	4.27
24.12	4.32
24.12	4.25
24.12	4.19
24.12	4.29
24.16	4.14
24.16	4.32
24.16	3.82
24.2	4.19
24.2	3.95
24.24	4.2
24.24	4.11
24.24	4.13
24.28	4.29
24.28	4.09
24.32	4.12
24.32	4.08
24.36	4.09
24.36	3.98
24.4	3.94
24.44	4
24.44	4.02
24.44	3.87
24.48	3.94
24.48	3.84
24.52	4
24.52	3.65
24.52	3.8
24.56	3.93
24.56	3.78
24.56	3.66
24.6	3.81
24.6	3.74
24.64	4.03
24.64	3.8
24.68	3.69
24.72	3.69
24.76	3.69
24.79	3.71
24.84	3.36
24.88	3.45
24.92	3.28
24.96	3.34
25	3.22
25.04	3.22
25.08	3.27
25.12	3.25
25.16	3.03
25.2	3.22
25.24	3.14
25.24	3.21
25.28	3.19
25.32	3.11
25.36	3.12
25.4	3.08
25.44	3.25
25.44	2.98
25.48	2.98
25.48	3.18
25.52	3.04
25.56	3.16
25.6	2.92
25.64	3.05
25.68	3.23
25.72	3.13
25.76	3.06
25.8	3.37
25.84	3.45
25.88	3.59
25.92	3.47
25.96	3.6
26	3.51
26.2	3.93
26.2	3.98
26.24	3.81
26.28	4.02
26.32	3.9
26.36	4.25
26.4	4.38
26.4	4.3
26.44	4.44
26.48	4.5
26.52	4.41
26.56	4.53
26.6	4.6
26.6	4.59
26.63	4.73
26.67	4.84
26.67	4.88
26.7	4.86
26.7	4.76
26.73	4.96
26.77	5.07
26.77	4.91
26.8	5.04
26.8	5.04
26.83	5.19
26.83	4.95
26.87	4.96
26.87	4.95
26.9	4.88
26.9	5.02
26.93	4.85
26.93	5.08
26.97	4.88
26.97	5.04
27	4.98
27	4.91
27.03	4.98
27.03	5.08
27.07	5.09
27.07	5.17
27.1	4.91
27.1	4.98
27.1	5.11
27.13	4.91
27.13	5.11
27.17	4.9
27.17	5.17
27.2	4.98
27.2	4.86
27.24	5.03
27.26	5.03
27.28	5.03
27.32	4.9
27.4	4.82
27.4	4.78
27.44	5.12
27.48	4.94
27.52	5.09
27.56	5.04
27.6	4.82
27.6	4.91
27.6	4.79
27.64	5
27.68	5.07
27.8	4.97
27.8	4.72
28	4.84
28	4.78
28.2	4.82
28.4	4.79
