depth(m) lower_95.4(kyr) lower_68.2(kyr) median(kyr) mean(kyr) upper_68.2(kyr) upper_95.4(kyr)
0.015000 5.074218 5.402990 5.623200 5.652258 5.940060 6.190366
0.020000 5.116504 5.486808 5.741087 5.732134 6.011581 6.205541
0.050000 5.515877 5.907413 6.227577 6.183649 6.459562 6.724351
0.095000 6.353363 6.629945 6.925353 6.899254 7.114109 7.449973
0.120000 6.661667 6.972877 7.306534 7.338119 7.676184 8.247785
0.150000 7.104241 7.476856 7.829234 7.839156 8.195293 8.563257
0.180000 7.488819 7.913426 8.295415 8.316545 8.766728 9.215682
0.215000 8.024946 8.439824 8.786668 8.835550 9.195608 9.603817
0.250000 8.670400 9.036912 9.344590 9.332060 9.660692 10.027755
0.255000 8.732858 9.110094 9.394228 9.402324 9.738736 10.114542
0.280000 9.029664 9.389777 9.694906 9.700479 9.992502 10.342269
0.317500 9.452846 9.839218 10.160435 10.127046 10.464531 10.736566
0.355000 9.849418 10.233451 10.528115 10.516082 10.827374 11.099377
0.380000 10.091473 10.406319 10.726335 10.724659 11.044180 11.309933
0.420000 10.502654 10.773273 11.060626 11.050842 11.333277 11.637773
0.450000 10.665458 11.006332 11.293966 11.285458 11.557597 11.835957
0.455000 10.707008 11.031604 11.365830 11.328690 11.603214 11.879727
0.480000 11.018003 11.313904 11.603710 11.559431 11.825223 12.079339
0.520000 11.350486 11.618659 11.942871 11.920842 12.187400 12.356884
0.550000 11.646763 11.955884 12.213109 12.203507 12.457669 12.718131
0.555000 11.737688 12.022669 12.261708 12.265667 12.504322 12.842995
0.580000 12.004607 12.332135 12.600839 12.624455 12.997958 13.305292
0.620000 12.552770 12.815565 13.127458 13.164679 13.530013 13.955067
0.650000 12.962634 13.227729 13.555728 13.601501 14.032885 14.432362
0.655000 13.036336 13.294119 13.641200 13.676393 14.110063 14.485268
0.680000 13.277818 13.645233 14.100796 14.127177 14.627062 14.925922
0.720000 13.934745 14.447249 14.880401 14.878265 15.276538 15.759240
0.750000 14.369409 14.967933 15.356422 15.333664 15.704530 16.055512
0.755000 14.466576 15.061276 15.433306 15.410398 15.769568 16.146615
0.780000 15.198630 15.614581 15.881323 15.873543 16.159827 16.443904
0.820000 15.950478 16.253645 16.471407 16.475000 16.738976 16.951202
0.835000 16.078800 16.426278 16.703310 16.663463 16.927492 17.086079
0.850000 16.332856 16.553301 16.844023 16.831024 17.106509 17.380350
0.875000 16.514018 16.807203 17.027827 17.041183 17.275915 17.577479
0.880000 16.537731 16.837050 17.090972 17.083479 17.306934 17.620011
0.920000 16.744404 17.175270 17.389491 17.390431 17.631625 17.869512
0.950000 16.935337 17.398195 17.613694 17.629450 17.889829 18.114562
0.980000 17.232735 17.639052 17.860514 17.883130 18.132442 18.397841
0.995000 17.348554 17.781724 17.991461 18.007470 18.257881 18.533802
1.020000 17.723992 18.024273 18.185393 18.220803 18.487006 18.734399
1.050000 18.006919 18.266914 18.438672 18.463077 18.741179 18.958790
1.080000 18.236117 18.485496 18.687426 18.709285 18.984522 19.181777
1.120000 18.581574 18.747225 19.012724 19.032585 19.292779 19.596274
1.145000 18.806537 18.951873 19.239059 19.232605 19.479543 19.771008
1.150000 18.845131 18.987363 19.290000 19.275512 19.517186 19.801304
1.180000 19.039489 19.240315 19.546923 19.536925 19.776315 20.060153
1.220000 19.320509 19.547426 19.842979 19.863418 20.152999 20.396773
1.250000 19.516549 19.812333 20.093653 20.125196 20.438426 20.673320
1.280000 19.778927 20.083911 20.422113 20.400679 20.697267 20.986988
1.305000 19.986933 20.357347 20.667938 20.637944 20.948052 21.221295
1.320000 20.115495 20.531924 20.848316 20.821446 21.161636 21.461281
1.350000 20.379104 20.798457 21.191633 21.185568 21.570672 22.016226
1.380000 20.563584 21.053640 21.594608 21.571978 22.011361 22.677634
1.420000 20.989901 21.493314 22.082721 22.027966 22.510988 23.192679
1.450000 21.371619 21.811622 22.374788 22.342014 22.824340 23.439843
1.480000 21.830329 22.288317 22.686296 22.706382 23.197396 23.657888
1.520000 22.241033 22.703620 23.073605 23.127889 23.603621 24.013720
1.545000 22.699705 23.040333 23.373460 23.406708 23.898894 24.202656
1.550000 22.760743 23.100948 23.464764 23.466628 23.938388 24.251403
1.580000 23.071335 23.467689 23.815034 23.832477 24.163381 24.466806
1.620000 23.477023 23.967639 24.320730 24.283891 24.599283 24.854352
1.650000 24.029311 24.373984 24.674083 24.642203 24.897593 25.205473
1.655000 24.096894 24.434194 24.720792 24.698549 24.955640 25.250078
1.665000 24.207910 24.549748 24.822439 24.808450 25.066513 25.334391
1.680000 24.362776 24.682649 24.938815 24.929423 25.166135 25.426801
1.720000 24.699215 25.021979 25.239154 25.239794 25.486413 25.686739
1.750000 24.801453 25.249556 25.463162 25.465255 25.717080 25.969075
1.755000 24.873223 25.286477 25.498192 25.506549 25.761305 26.007890
1.765000 24.987013 25.364975 25.578337 25.596918 25.835485 26.114950
1.780000 25.157822 25.495855 25.696808 25.721176 25.963747 26.221874
1.820000 25.515852 25.770993 26.037435 26.042829 26.338424 26.599869
1.850000 25.811658 26.022651 26.297765 26.312577 26.614040 26.958213
1.880000 26.056923 26.238682 26.588325 26.582937 26.891437 27.188752
1.920000 26.348954 26.609525 26.920794 26.935303 27.260692 27.591786
1.950000 26.644215 26.928734 27.205451 27.204747 27.473765 27.763261
1.980000 26.892435 27.189684 27.511423 27.479247 27.748462 27.935584
1.995000 27.018516 27.353624 27.642443 27.627602 27.884644 28.141359
2.020000 27.162983 27.613760 27.878812 27.870712 28.150692 28.560464
2.050000 27.370446 27.863784 28.129392 28.129061 28.367075 28.814534
2.080000 27.586786 28.091568 28.367229 28.362007 28.592768 28.992174
2.120000 27.995778 28.372654 28.649622 28.665781 28.859314 29.422919
2.150000 28.261617 28.589221 28.834690 28.883596 29.098115 29.759304
2.180000 28.540841 28.831906 29.052633 29.106759 29.334237 30.067306
2.220000 28.775240 29.131487 29.331629 29.394682 29.636728 30.250511
2.250000 29.002588 29.373612 29.547747 29.626541 29.870636 30.548877
2.255000 29.031911 29.406805 29.587870 29.670829 29.939556 30.592688
2.280000 29.208106 29.588717 29.847409 29.885468 30.197426 30.895418
2.320000 29.432513 29.853685 30.152309 30.221568 30.550788 31.267585
2.350000 29.631282 30.052539 30.432290 30.480971 30.900228 31.715488
2.380000 29.875043 30.327624 30.699935 30.768896 31.314363 31.968921
2.420000 30.239597 30.654854 31.056747 31.177679 31.845001 32.330273
2.450000 30.585962 30.965511 31.395866 31.482302 32.148135 32.606760
2.480000 30.744648 31.229503 31.731659 31.798944 32.383371 32.987211
2.520000 31.111416 31.645594 32.165655 32.256026 32.939181 33.553743
2.525000 31.144661 31.673747 32.214484 32.306823 33.023524 33.614194
2.550000 31.417421 31.845539 32.472285 32.559073 33.299794 33.858465
2.580000 31.714462 32.092743 32.846790 32.874974 33.659071 34.371692
2.620000 32.115651 32.516559 33.304686 33.317523 34.158938 34.753960
