0.0100000000000000	6.97487616326588e-07
0.0100926219098705	7.22717282204727e-07
0.0101861017015598	7.48856972593955e-07
0.0102804473209331	7.75939393038034e-07
0.0103756667874519	8.03998419052204e-07
0.0104717681948552	8.33069137727340e-07
0.0105687597118480	8.63187890802194e-07
0.0106666495827954	8.94392319254961e-07
0.0107654461284232	9.26721409467199e-07
0.0108651577465254	9.60215541015042e-07
0.0109657929126781	9.94916536144376e-07
0.0110673601809597	1.03086771098881e-06
0.0111698681846782	1.06811392859105e-06
0.0112733256371049	1.10670165379064e-06
0.0113777413322149	1.14667901004286e-06
0.0114831241454351	1.18809583823628e-06
0.0115894830343981	1.23100375757813e-06
0.0116968270397039	1.27545622861969e-06
0.0118051652856881	1.32150861849588e-06
0.0119145069811978	1.36921826845602e-06
0.0120248614203741	1.41864456376530e-06
0.0121362379834424	1.46984900605923e-06
0.0122486461375093	1.52289528823601e-06
0.0123620954373677	1.57784937197499e-06
0.0124765955263087	1.63477956797204e-06
0.0125921561369415	1.69375661898595e-06
0.0127087870920206	1.75485378579309e-06
0.0128264983052806	1.81814693615103e-06
0.0129452997822792	1.88371463687499e-06
0.0130652016212472	1.95163824913469e-06
0.0131862140139475	2.02200202708290e-06
0.0133083472465408	2.09489321993055e-06
0.0134316117004602	2.17040217758719e-06
0.0135560178532937	2.24862245998997e-06
0.0136815762796747	2.32965095024785e-06
0.0138082976521809	2.41358797173262e-06
0.0139361927422414	2.50053740925246e-06
0.0140652724210524	2.59060683444837e-06
0.0141955476605010	2.68390763555868e-06
0.0143270295340983	2.78055515170147e-06
0.0144597292179202	2.88066881183019e-06
0.0145936579915576	2.98437227852259e-06
0.0147288272390750	3.09179359676862e-06
0.0148652484499786	3.20306534792872e-06
0.0150029332201922	3.31832480903925e-06
0.0151418932530435	3.43771411764806e-06
0.0152821403602587	3.56138044236940e-06
0.0154236864629663	3.68947615935331e-06
0.0155665435927106	3.82215903487155e-06
0.0157107238924745	3.95959241422860e-06
0.0158562396177114	4.10194541721371e-06
0.0160031031373870	4.24939314031626e-06
0.0161513269350309	4.40211686593505e-06
0.0163009236097974	4.56030427881949e-06
0.0164519058775366	4.72414968998826e-06
0.0166042865718753	4.89385426837942e-06
0.0167580786453077	5.06962628049472e-06
0.0169132951702965	5.25168133830884e-06
0.0170699493403841	5.44024265572378e-06
0.0172280544713139	5.63554131385797e-06
0.0173876240021625	5.83781653546861e-06
0.0175486714964815	6.04731596881634e-06
0.0177112106434509	6.26429598129120e-06
0.0178752552590424	6.48902196312922e-06
0.0180408192871938	6.72176864155978e-06
0.0182079168009946	6.96282040573591e-06
0.0183765620038817	7.21247164280970e-06
0.0185467692308470	7.47102708552852e-06
0.0187185529496558	7.73880217173852e-06
0.0188919277620767	8.01612341619618e-06
0.0190669084051225	8.30332879509989e-06
0.0192435097523033	8.60076814376882e-06
0.0194217468148903	8.90880356790873e-06
0.0196016347431919	9.22780986891997e-06
0.0197831888278417	9.55817498371639e-06
0.0199664245010979	9.90030043954053e-06
0.0201513573381556	1.02546018242749e-05
0.0203380030584698	1.06215092727662e-05
0.0205263775270925	1.10014679696959e-05
0.0207164967560207	1.13949386695469e-05
0.0209083769055575	1.18023982342358e-05
0.0211020342856860	1.22243401889957e-05
0.0212974853574552	1.26612752971166e-05
0.0214947467343798	1.31137321541668e-05
0.0216938351838519	1.35822578023409e-05
0.0218947676285662	1.40674183655998e-05
0.0220975611479590	1.45697997062897e-05
0.0223022329796594	1.50900081039475e-05
0.0225088005209546	1.56286709570256e-05
0.0227172813302691	1.61864375082897e-05
0.0229276931286565	1.67639795946683e-05
0.0231400538013065	1.73619924223565e-05
0.0233543813990648	1.79811953680036e-05
0.0235706941399673	1.86223328068388e-05
0.0237890104107889	1.92861749686164e-05
0.0240093487686065	1.99735188222915e-05
0.0242317279423760	2.06851889903619e-05
0.0244561668345245	2.14220386938458e-05
0.0246826845225569	2.21849507288934e-05
0.0249113002606779	2.29748384760585e-05
0.0251420334814280	2.37926469432959e-05
0.0253749037973357	2.46393538437748e-05
0.0256099310025846	2.55159707096392e-05
0.0258471350746957	2.64235440428771e-05
0.0260865361762255	2.73631565044985e-05
0.0263281546564802	2.83359281432599e-05
0.0265720110532451	2.93430176652071e-05
0.0268181260945302	3.03856237453529e-05
0.0270665207003324	3.14649863828433e-05
0.0273172159844138	3.25823883010066e-05
0.0275702332560959	3.37391563937268e-05
0.0278255940220713	3.49366632196202e-05
0.0280833199882317	3.61763285455467e-05
0.0283434330615131	3.74596209410264e-05
0.0286059553517574	3.87880594251860e-05
0.0288709091735924	4.01632151679049e-05
0.0291383170483279	4.15867132468812e-05
0.0294082017058706	4.30602344623948e-05
0.0296805860866560	4.45855172115877e-05
0.0299554933435982	4.61643594241506e-05
0.0302329468440578	4.77986205613455e-05
0.0305129701718287	4.94902236803677e-05
0.0307955871291423	5.12411575660929e-05
0.0310808217386907	5.30534789323341e-05
0.0313686982456688	5.49293146947813e-05
0.0316592411198352	5.68708643178660e-05
0.0319524750575921	5.88804022378629e-05
0.0322484249840844	6.09602803646023e-05
0.0325471160553185	6.31129306642409e-05
0.0328485736603005	6.53408678256052e-05
0.0331528234231943	6.76466920127029e-05
0.0334598912054998	7.00330917060643e-05
0.0337698031082509	7.25028466356554e-05
0.0340825854742345	7.50588308081926e-05
0.0343982648902293	7.77040156317486e-05
0.0347168681892656	8.04414731406492e-05
0.0350384224529068	8.32743793237236e-05
0.0353629550135505	8.62060175590712e-05
0.0356904934567523	8.92397821585911e-05
0.0360210656235707	9.23791820256167e-05
0.0363546996129332	9.56278444290864e-05
0.0366914237840249	9.89895188977886e-05
0.0370312667586993	0.000102468081238298
0.0373742574239107	0.000106067537680346
0.0377204249341700	0.000109792029153457
0.0380697987140229	0.000113645835698777
0.0384224084605506	0.000117633381020167
0.0387782841458946	0.000121759237178705
0.0391374560198039	0.000126028129434864
0.0394999546122065	0.000130444941242776
0.0398658107358044	0.000135014719401072
0.0402350554886930	0.000139742679364936
0.0406077202570037	0.000144634210724129
0.0409838367175726	0.000149694882851857
0.0413634368406328	0.000154930450729496
0.0417465528925314	0.000160346860952326
0.0421332174384729	0.000165950257921544
0.0425234633452868	0.000171746990227971
0.0429173237842216	0.000177743617233025
0.0433148322337640	0.000183946915852647
0.0437160224824851	0.000190363887550042
0.0441209286319119	0.000197001765543228
0.0445295850994266	0.000203868022233549
0.0449420266211915	0.000210970376861463
0.0453582882551019	0.000218316803396064
0.0457784053837662	0.000225915538664984
0.0462024137175132	0.000233775090731453
0.0466303492974274	0.000241904247525501
0.0470622484984129	0.000250312085736411
0.0474981480322850	0.000259007979973757
0.0479380849508911	0.000268001612204502
0.0483820966492596	0.000277302981473824
0.0488302208687788	0.000286922413917520
0.0492824957004052	0.000296870573074022
0.0497389595879007	0.000307158470504267
0.0501996513311008	0.000317797476727811
0.0506646100892127	0.000328799332483831
0.0511338753841433	0.000340176160325809
0.0516074871038591	0.000351940476558898
0.0520854855057767	0.000364105203529235
0.0525679112201843	0.000376683682274557
0.0530548052536958	0.000389689685545809
0.0535462089927361	0.000403137431209545
0.0540421642070592	0.000417041596041218
0.0545427130532984	0.000431417329919595
0.0550478980785497	0.000446280270432803
0.0555577622239888	0.000461646557906752
0.0560723488285204	0.000477532850866806
0.0565917016324625	0.000493956341943913
0.0571158647812643	0.000510934774236580
0.0576448828292588	0.000528486458140279
0.0581788007434494	0.000546630288656150
0.0587176639073326	0.000565385763191092
0.0592615181247556	0.000584772999861522
0.0598104096238094	0.000604812756313350
0.0603643850607587	0.000625526449070980
0.0609234915240072	0.000646936173428304
0.0614877765381003	0.000669064723894962
0.0620572880677650	0.000691935615211334
0.0626320745219869	0.000715573103945996
0.0632121847581246	0.000740002210689560
0.0637976680860628	0.000765248742859123
0.0643885742724042	0.000791339318127680
0.0649849535446990	0.000818301388493189
0.0655868565957144	0.000846163265002169
0.0661943345877439	0.000874954143142853
0.0668074391569562	0.000904704128923309
0.0674262224177835	0.000935444265649999
0.0680507369673521	0.000967206561422578
0.0686810358899531	0.00100002401736084
0.0693171727615541	0.00103393065658008
0.0699592016543538	0.00106896155393115
0.0706071771413778	0.00110515286652181
0.0712611543011175	0.00114254186503621
0.0719211887222119	0.00118116696586932
0.0725873365081726	0.00122106776409353
0.0732596542821524	0.00126228506727468
0.0739381991917587	0.00130486093015494
0.0746230289139112	0.00134883869022015
0.0753142016597438	0.00139426300416938
0.0760117761795533	0.00144117988530450
0.0767158117677931	0.00148963674185781
0.0774263682681128	0.00153968241627577
0.0781435060784455	0.00159136722547690
0.0788672861561416	0.00164474300210233
0.0795977700231499	0.00169986313677693
0.0803350197712474	0.00175678262139967
0.0810790980673170	0.00181555809348143
0.0818300681586740	0.00187624788154847
0.0825879938784428	0.00193891205163020
0.0833529396509820	0.00200361245484918
0.0841249704973612	0.00207041277613190
0.0849041520408876	0.00213937858405827
0.0856905505126836	0.00221057738186783
0.0864842327573173	0.00228407865964069
0.0872852662384838	0.00235995394767088
0.0880937190447400	0.00243827687104946
0.0889096598952916	0.00251912320547490
0.0897331581458353	0.00260257093430756
0.0905642837944530	0.00268870030688504
0.0914031074875624	0.00277759389811484
0.0922497005259218	0.00286933666936016
0.0931041348706908	0.00296401603063460
0.0939664831495470	0.00306172190412074
0.0948368186628593	0.00316254678902732
0.0957152153899187	0.00326658582779893
0.0966017479952265	0.00337393687369187
0.0974964918348410	0.00348470055972883
0.0983995229627823	0.00359898036904454
0.0993109181374980	0.00371688270663383
0.100230754828387	0.00383851697251235
0.101159111222383	0.00396399563630006
0.102096066230605	0.00409343431323564
0.103041699495059	0.00422695184163005
0.103996091395412	0.00436467036176541
0.104959323055823	0.00450671539624503
0.105931476351837	0.00465321593179859
0.106912633917348	0.00480430450254561
0.107902879151618	0.00496011727471859
0.108902296226373	0.00512079413284625
0.109910970092950	0.00528647876739501
0.110928986489522	0.00545731876386620
0.111956431948388	0.00563346569334360
0.112993393803322	0.00581507520448517
0.114039960197003	0.00600230711695045
0.115096220088503	0.00619532551625258
0.116162263260850	0.00639429885002288
0.117238180328660	0.00659940002567270
0.118324062745838	0.00681080650943557
0.119420002813353	0.00702870042676943
0.120526093687084	0.00725326866409738
0.121642429385737	0.00748470297186133
0.122769104798836	0.00772320006886083
0.123906215694792	0.00796896174784670
0.125053858729039	0.00822219498233499
0.126212131452255	0.00848311203460441
0.127381132318648	0.00875193056483708
0.128560960694330	0.00902887374135776
0.129751716865759	0.00931417035192472
0.130953502048267	0.00960805491602026
0.132166418394661	0.00991076779808547
0.133390569003906	0.0102225553216399
0.134626057929891	0.0105436698842217
0.135872990190271	0.0108743700730804
0.137131471775395	0.0112149207815490
0.138401609657313	0.0115655933260177
0.139683511798874	0.0119266655634263
0.140977287162897	0.0122984220091870
0.142283045721435	0.0126811539554457
0.143600898465126	0.0130751595895807
0.144930957412622	0.0134807441128361
0.146273335620113	0.0138982198589785
0.147628147190939	0.0143279064128601
0.148995507285286	0.0147701307287665
0.150375532129974	0.0152252272484181
0.151768339028341	0.0156935380184903
0.153174046370208	0.0161754128075084
0.154592773641948	0.0166712092219675
0.156024641436637	0.0171812928215203
0.157469771464309	0.0177060372330658
0.158928286562298	0.0182458242635688
0.160400310705682	0.0188010440114272
0.161885969017820	0.0193720949761986
0.163385387780986	0.0199593841664903
0.164898694447107	0.0205633272058036
0.166426017648590	0.0211843484361217
0.167967487209265	0.0218228810190140
0.169523234155412	0.0224793670340255
0.171093390726902	0.0231542575741091
0.172678090388436	0.0238480128378480
0.174277467840892	0.0245611022182069
0.175891659032773	0.0252940043875408
0.177520801171764	0.0260472073785782
0.179165032736390	0.0268212086610882
0.180824493487795	0.0276165152139268
0.182499324481615	0.0284336435921513
0.184189668079971	0.0292731199888757
0.185895667963569	0.0301354802915352
0.187617469143912	0.0310212701322100
0.189355217975630	0.0319310449316541
0.191109062168914	0.0328653699366568
0.192879150802078	0.0338248202503597
0.194665634334226	0.0348099808551348
0.196468664618045	0.0358214466276214
0.198288394912707	0.0368598223455064
0.200124979896904	0.0379257226856195
0.201978575681988	0.0390197722129075
0.203849339825246	0.0401426053598337
0.205737431343291	0.0412948663957435
0.207643010725578	0.0424772093857187
0.209566239948043	0.0436902981384392
0.211507282486880	0.0449348061425503
0.213466303332425	0.0462114164910314
0.215443469003189	0.0475208217930423
0.217438947560008	0.0488637240727201
0.219452908620332	0.0502408346543812
0.221485523372636	0.0516528740335783
0.223536964590980	0.0531005717334486
0.225607406649686	0.0545846661457795
0.227697025538168	0.0561059043562115
0.229805998875885	0.0576650419529815
0.231934505927443	0.0592628428186110
0.234082727617829	0.0609000789039248
0.236250846547795	0.0625775299837856
0.238439047009372	0.0642959833939177
0.240647515001543	0.0660562337481898
0.242876438246045	0.0678590826357163
0.245126006203334	0.0697053382971375
0.247396410088682	0.0715958152794254
0.249687842888433	0.0735313340685697
0.252000499376409	0.0755127206994819
0.254334576130465	0.0775408063424670
0.256690271549195	0.0796164268656006
0.259067785868801	0.0817404223723551
0.261467321180109	0.0839136367138171
0.263889081445751	0.0861369169748440
0.266333272517498	0.0884111129335053
0.268800102153761	0.0907370764931652
0.271289780037247	0.0931156610865670
0.273802517792786	0.0955477210512850
0.276338529005317	0.0980341109759249
0.278898029238044	0.100575685016458
0.281481236050758	0.103173296182094
0.284088369018331	0.105827795590104
0.286719649749377	0.108540031689033
0.289375301905095	0.111310849449737
0.292055551218275	0.114141089523743
0.294760625512486	0.117031587368390
0.297490754721444	0.119983172338301
0.300246170908555	0.122996666742712
0.303027108286640	0.126072884868234
0.305833803237844	0.129212631966664
0.308666494333728	0.132416703207473
0.311525422355549	0.135685882594652
0.314410830314727	0.139020941847638
0.317322963473498	0.142422639246070
0.320262069365765	0.145891718438184
0.323228397818138	0.149428907212693
0.326222200971167	0.153034916234065
0.329243733300777	0.156710437741144
0.332293251639898	0.160456144209135
0.335371015200293	0.164272686975022
0.338477285594598	0.168160694826563
0.341612326858553	0.172120772555063
0.344776405473447	0.176153499472193
0.347969790388770	0.180259427891217
0.351192753045073	0.184439081573039
0.354445567397044	0.188692954137582
0.357728509936788	0.193021507441093
0.361041859717334	0.197425169920035
0.364385898376355	0.201904334902356
0.367760910160104	0.206459358886974
0.371167181947577	0.211090559792465
0.374605003274900	0.215798215175984
0.378074666359935	0.220582560423618
0.381576466127125	0.225443786913428
0.385110700232557	0.230382040152565
0.388677669089267	0.235397417889979
0.392277675892772	0.240489968206324
0.395911026646846	0.245659687582817
0.399578030189527	0.250906518950905
0.403278998219371	0.256230349724751
0.407014245321944	0.261631009818647
0.410784088996565	0.267108269651630
0.414588849683292	0.272661838141684
0.418428850790159	0.278291360692075
0.422304418720668	0.283996417172474
0.426215882901533	0.289776519897710
0.430163575810680	0.295631111607084
0.434147833005510	0.301559563447384
0.438168993151419	0.307561172962827
0.442227398050590	0.313635162095342
0.446323392671040	0.319780675198744
0.450457325175946	0.325996777070502
0.454629546953241	0.332282451004937
0.458840412645476	0.338636596871856
0.463090280179974	0.345058029224774
0.467379510799247	0.351545475442989
0.471708469091702	0.358097573911976
0.476077523022637	0.364712872246662
0.480487043965514	0.371389825562296
0.484937406733524	0.378126794797785
0.489428989611453	0.384922045096475
0.493962174387832	0.391773744249492
0.498537346387390	0.398679961206898
0.503154894503806	0.405638664662010
0.507815211232768	0.412647721714365
0.512518692705334	0.419704896616915
0.517265738721602	0.426807849613120
0.522056752784698	0.433954135869729
0.526892142135068	0.441141204511094
0.531772317785098	0.448366397760941
0.536697694554048	0.455626950197604
0.541668691103316	0.462919988128763
0.546685729972019	0.470242529091767
0.551749237612913	0.477591481485662
0.556859644428642	0.484963644341063
0.562017384808319	0.492355707233999
0.567222897164455	0.499764250349859
0.572476623970219	0.507185744703523
0.577779011797051	0.514616552521763
0.583130511352623	0.522052927793868
0.588531577519146	0.529491016996443
0.593982669392036	0.536926859998185
0.599484250318941	0.544356391150353
0.605036787939123	0.551775440568503
0.610640754223205	0.559179735610900
0.616296625513295	0.566564902558872
0.622004882563471	0.573926468504120
0.627766010580651	0.581259863447851
0.633580499265826	0.588560422616290
0.639448842855695	0.595823388996912
0.645371540164670	0.603043916099415
0.651349094627281	0.610217070945171
0.657382014340960	0.617337837288513
0.663470812109235	0.624401119072915
0.669616005485323	0.631401744124663
0.675818116816111	0.638334468086276
0.682077673286569	0.645193978591434
0.688395206964551	0.651974899682749
0.694771254846025	0.658671796473225
0.701206358900719	0.665279180051713
0.707701066118190	0.671791512632163
0.714255928554313	0.678203212945883
0.720871503378215	0.684508661875462
0.727548352919623	0.690702208328382
0.734287044716677	0.696778175347712
0.741088151564158	0.702730866456645
0.747952251562183	0.708554572232942
0.754879928165344	0.714243577108673
0.761871770232300	0.719792166389909
0.768928372075832	0.725194633490330
0.776050333513358	0.730445287371907
0.783238259917920	0.735538460185134
0.790492762269643	0.740468515100440
0.797814457207663	0.745229854321679
0.805203967082548	0.749816927271786
0.812661920009196	0.754224238939884
0.820188949920221	0.758446358378338
0.827785696619848	0.762477927337441
0.835452805838288	0.766313669024614
0.843190929286627	0.769948396974195
0.851000724712225	0.773377024013121
0.858882855954626	0.776594571306989
0.866837993001979	0.779596177470246
0.874866812047992	0.782377107723456
0.882969995549410	0.784932763079898
0.891148232284020	0.787258689543005
0.899402217409205	0.789350587295454
0.907732652521024	0.791204319860084
0.916140245713853	0.792815923212159
0.924625711640575	0.794181614821893
0.933189771573325	0.795297802605644
0.941833153464797	0.796161093763592
0.950556592010121	0.796768303481331
0.959360828709315	0.797116463472327
0.968246611930313	0.797202830337862
0.977214696972574	0.797024893720765
0.986265846131283	0.796580384229006
0.995400828762153	0.795867281105014
1.00462042134681	0.794883819616520
1.01392540755882	0.793628498144625
1.02331657833025	0.792100084944885
1.03279473191895	0.790297624557281
1.04236067397640	0.788220443841137
1.05201521761616	0.785868157611353
1.06175918348300	0.783240673852629
1.07159339982267	0.780338198488861
1.08151870255229	0.777161239685375
1.09153593533139	0.773710611662330
1.10164594963366	0.769987437998317
1.11184960481927	0.765993154404013
1.12214776820798	0.761729510946618
1.13254131515281	0.757198573706856
1.14303112911448	0.752402725851364
1.15361810173648	0.747344668104505
1.16430313292088	0.742027418604909
1.17508713090481	0.736454312133416
1.18597101233767	0.730628998700550
1.19695570235905	0.724555441483193
1.20804213467733	0.718237914101755
1.21923125164911	0.711680997230829
1.23052400435926	0.704889574538135
1.24192135270179	0.697868827948341
1.25342426546140	0.690624232230357
1.26503372039590	0.683161548908586
1.27675070431927	0.675486819500723
1.28857621318552	0.667606358086739
1.30051125217341	0.659526743215803
1.31255683577184	0.651254809160120
1.32471398786612	0.642797636526749
1.33698374182495	0.634162542240793
1.34936714058831	0.625357068915456
1.36186523675608	0.616388973626785
1.37447909267754	0.607266216113036
1.38720978054162	0.597996946420923
1.40005838246810	0.588589492023010
1.41302599059954	0.579052344432844
1.42611370719413	0.569394145346329
1.43932264471941	0.559623672340019
1.45265392594678	0.549749824158902
1.46610868404699	0.539781605628140
1.47968806268640	0.529728112225083
1.49339321612425	0.519598514349513
1.50722530931076	0.509402041331765
1.52118551798611	0.499147965219737
1.53527502878042	0.488845584387298
1.54949503931463	0.478504207007690
1.56384675830225	0.468133134436715
1.57833140565212	0.457741644551334
1.59295021257212	0.447338975090120
1.60770442167382	0.436934307042605
1.62259528707809	0.426536748134952
1.63762407452169	0.416155316459669
1.65279206146490	0.405798924297099
1.66810053720006	0.395476362176340
1.68355080296120	0.385196283222869
1.69914417203463	0.374967187839696
1.71488196987054	0.364797408768075
1.73076553419573	0.354695096572992
1.74679621512725	0.344668205597437
1.76297537528721	0.334724480428249
1.77930438991858	0.324871442914794
1.79578464700210	0.315116379780040
1.81241754737424	0.305466330861767
1.82920450484630	0.295928078019570
1.84614694632455	0.286508134741121
1.86324631193156	0.277212736478763
1.88050405512858	0.268047831745010
1.89792164283910	0.259019073992795
1.91550055557353	0.250131814303586
1.93324228755505	0.241391094903477
1.95114834684662	0.232801643524398
1.96922025547917	0.224367868624409
1.98745954958099	0.216093855477894
2.00586777950824	0.207983363143147
2.02444650997681	0.200039822311552
2.04319732019527	0.192266334039230
2.06212180399915	0.184665669358627
2.08122156998634	0.177240269764172
2.10049824165392	0.169992248562815
2.11995345753607	0.162923393076907
2.13958887134342	0.156035167683679
2.15940615210357	0.149328717672377
2.17940698430296	0.142804873897002
2.19959306803008	0.136464158199673
2.21996611911996	0.130306789576699
2.24052786930002	0.124332691056778
2.26128006633728	0.118541497258121
2.28222447418690	0.112932562588916
2.30336287314213	0.107504970053294
2.32469705998565	0.102257540622926
2.34622884814227	0.0971888431325545
2.36796006783308	0.0922972046560768
2.38989256623105	0.0875807213184672
2.41202820761801	0.0830372694975717
2.43436887354311	0.0786645173688874
2.45691646298279	0.0744599367457297
2.47967289250216	0.0704208151666893
2.50264009641792	0.0665442681820739
2.52582002696279	0.0628272517910135
2.54921465445143	0.0592665749811660
2.57282596744794	0.0558589123234267
2.59665597293487	0.0526008165747737
2.62070669648386	0.0494887312432932
2.64498018242772	0.0465190030706011
2.66947849403432	0.0436878943882158
2.69420371368189	0.0409915953060110
2.71915794303602	0.0384262356926056
2.74434330322837	0.0359878969094621
2.76976193503689	0.0336726232625479
2.79541599906786	0.0314764331376118
2.82130767593947	0.0293953297874953
2.84743916646725	0.0274253117423314
2.87381269185107	0.0255623828160581
2.90043049386399	0.0238025616852883
2.92729483504282	0.0221418910192787
2.95440799888038	0.0205764461424720
2.98177229001968	0.0191023432138452
3.00939003444972	0.0177157469100668
3.03726357970332	0.0164128776022214
3.06539529505653	0.0151900180185978
3.09378757173014	0.0140435193887132
3.12244282309286	0.0129698070663914
3.15136348486648	0.0119653856322559
3.18055201533292	0.0110268434784767
3.21001089554318	0.0101508568809702
3.23974262952820	0.00933419356651037
3.26974974451177	0.00857371578433603
3.30003479112529	0.00786638289383882
3.33060034362459	0.00720925348176442
3.36144900010877	0.00659948702406734
3.39258338274100	0.00603434510910645
3.42400613797143	0.00551119224025274
3.45571993676214	0.00502749623720877
3.48772747481418	0.00458082825639196
3.52003147279668	0.00416886245163047
3.55263467657814	0.00378937529714162
3.58553985745982	0.00344024459532962
3.61874981241128	0.00311944819233639
3.65226736430818	0.00282506242452910
3.68609536217216	0.00255526031919825
3.72023668141307	0.00230830957269236
3.75469422407334	0.00208257032902508
3.78947091907467	0.00187649278167239
3.82456972246700	0.00168861462083855
3.85999361767977	0.00151755834791611
3.89574561577551	0.00136202847821221
3.93182875570577	0.00122080865226465
3.96824610456948	0.00109275867524336
4.00500075787362	0.000976811503029969
4.04209583979631	0.000871970192607103
4.07953450345246	0.000777304833373565
4.11731993116168	0.000691949474949037
4.15545533471888	0.000615099065945689
4.19394395566719	0.000546006417079626
4.23278906557356	0.000483979200877656
4.27199396630678	0.000428376999116010
4.31156199031823	0.000378608408014713
4.35149650092505	0.000334128210112248
4.39180089259609	0.000294434620667739
4.43247859124040	0.000259066615388262
4.47353305449847	0.000227601345263559
4.51496777203611	0.000199651643314081
4.55678626584107	0.000174863627126418
4.59899209052245	0.000152914400165627
4.64158883361278	0.000133509854021103
4.68458011587305	0.000116382572963157
4.72796959160040	0.000101289841463715
4.77176094893875	8.80117546677046e-05
4.81595791019236	7.63494311923972e-05
4.86056423214214	6.61233270804038e-05
4.90558370636505	5.71716492376691e-05
4.95102015955635	4.93488662498611e-05
4.99687745385489	4.25243140876408e-05
5.04315948717137	3.65808938816865e-05
5.08987019351969	3.14138586699488e-05
5.13701354335135	2.69296857901351e-05
5.18459354389292	2.30450314071321e-05
5.23261423948667	1.96857635252709e-05
5.28107971193434	1.67860697359885e-05
5.32999408084410	1.42876358894708e-05
5.37936150398071	1.21388918511501e-05
5.42918617761895	1.02943205072794e-05
5.47947233690029	8.71382621506178e-06
5.53022425619291	7.36215894883032e-06
5.58144624945497	6.20839047151833e-06
5.63314267060136	5.22543895714789e-06
5.68531791387376	4.38963860247109e-06
5.73797641421414	3.68035089150753e-06
5.79112264764177	3.07961431299015e-06
5.84476113163364	2.57182947528023e-06
5.89889642550850	2.14347671392119e-06
5.95353313081437	1.78286344166380e-06
6.00867589171970	1.47989864765336e-06
6.06432939540807	1.22589210988587e-06
6.12049837247670	1.01337604153306e-06
6.17718759733850	8.35947046025607e-07
6.23440188862787	6.88126406749302e-07
6.29214610961036	5.65236883909038e-07
6.35042516859597	4.63294332758517e-07
6.40924401935646	3.78912593344369e-07
6.46860766154633	3.09220231670607e-07
6.52852114112786	2.51787835381172e-07
6.58898955079995	2.04564683431582e-07
6.65001803043113	1.65823718621854e-07
6.71161176749629	1.34113854237793e-07
6.77377599751776	1.08218741419019e-07
6.83651600451025	8.71212123377068e-08
6.89983712143003	6.99726959868182e-08
6.96374473062823	5.60669785489803e-08
7.02824426430836	4.48177491943676e-08
7.09334120498801	3.57394350192959e-08
7.15904108596489	2.84308859916768e-08
7.22534949178722	2.25615225376142e-08
7.29227205872832	1.78596051188527e-08
7.35981447526578	1.41023271519574e-08
7.42798248256492	1.11074702461623e-08
7.49678187496688	8.72639432243366e-09
7.56621850048106	6.83816504897973e-09
7.63629826128225	5.34464750483969e-09
7.70702711421231	4.16641836737204e-09
7.77841107128649	3.23936950057593e-09
7.85045620020452	2.51189387253441e-09
7.92316862486626	1.94256050813701e-09
7.99655452589236	1.49819892655496e-09
8.07062014114951	1.15232544298202e-09
8.14537176628075	8.83854034705554e-10
8.22081575524055	6.76043369250514e-10
8.29695852083492	5.15639237094149e-10
8.37380653526650	3.92178177285255e-10
8.45136633068473	2.97423670025142e-10
8.52964449974103	2.24911020412725e-10
8.60864769614926	1.69581083283956e-10
8.68838263525120	1.27486379169300e-10
8.76885609458744	9.55560132122087e-11
8.85007491447345	7.14082093599282e-11
8.93204599858098	5.32012786765793e-11
9.01477631452493	3.95155120759608e-11
9.09827289445557	2.92598752517916e-11
9.18254283565630	2.15985313244481e-11
9.26759330114689	1.58931628280213e-11
9.35343152029240	1.16578418130263e-11
9.44006478941761	8.52383295781249e-12
9.52750047242730	6.21223341430506e-12
9.61574600143212	4.51277477933670e-12
9.70480887738032	3.26745405272156e-12
9.79469667069540	2.35793597545890e-12
9.88541702191958	1.69589066487672e-12
9.97697764236322	1.21560791758901e-12
10.0693863147603	8.68371183457564e-13
10.1626508939300	6.18186840068961e-13
10.2567793074442	4.38553626894684e-13
10.3517795563018	3.10027528794106e-13
10.4476597156081	2.18392782554205e-13
10.5444279352617	1.53293068256651e-13
10.6420924406472	1.07210808945362e-13
10.7406615333343	7.47088282338308e-14
10.8401435917833	5.18690045487457e-14
10.9405470720574	3.58782906044096e-14
11.0418805085416	2.47245549311683e-14
11.1441525146679	1.69739555632727e-14
11.2473717836475	1.16086112609367e-14
11.3515470892100	7.90869365747361e-15
11.4566872863487	5.36711651927571e-15
11.5628013120738	3.62805149509563e-15
11.6698981861715	2.44279053420666e-15
11.7779870119712	1.63818691885263e-15
11.8870769771191	1.09418068301719e-15
11.9971773543589	7.27858190403795e-16
12.1082975023204	4.82192298407294e-16
12.2204468663149	3.18121488530223e-16
12.3336349791378	2.09000970857711e-16
12.4478714618791	1.36731736342036e-16
12.5631660247412	8.90715669832348e-17
12.6795284678644	5.77750657101676e-17
12.7969686821594	3.73126495910866e-17
12.9154966501489	2.39921159370915e-17
13.0351224468151	1.53589032909165e-17
13.1558562404571	9.78843501701126e-18
13.2777082935543	6.21025973469087e-18
13.4006889636395	3.92221675558282e-18
13.5248087041788	2.46581477953007e-18
13.6500780654602	1.54304249662152e-18
13.7765076954906	9.61092675790778e-19
13.9041083409007	5.95804515475275e-19
14.0328908478587	3.67599132811302e-19
14.1628661629920	2.25713834397057e-19
14.2940453343176	1.37922639970307e-19
14.4264395121816	8.38662293568402e-20
14.5600599502065	5.07449883457804e-20
14.6949180062482	3.05515893548810e-20
14.8310251433611	1.83015980980751e-20
14.9683929307726	1.09078343281637e-20
15.1070330448666	6.46787973195533e-21
15.2469572701758	3.81538706701001e-21
15.3881775003835	2.23896717177327e-21
15.5307057393346	1.30697807226781e-21
15.6745541020560	7.58890528335308e-22
15.8197348157860	4.38287239007982e-22
15.9662602210143	2.51759455586999e-22
16.1141427725302	1.43826275790144e-22
16.2633950404819	8.17135663892960e-23
16.4140297114447	4.61669714416068e-23
16.5660595894992	2.59374628824925e-23
16.7194975973199	1.44897160947664e-23
16.8743567772738	8.04832892389478e-24
17.0306502925285	4.44469520358075e-24
17.1883914281715	2.44031244158546e-24
17.3475935923393	1.33196436700861e-24
17.5082703173573	7.22702946446359e-25
17.6704352608895	3.89783269483387e-25
17.8341022071001	2.08957804093760e-25
17.9992850678248	1.11337557410581e-25
18.1659978837533	5.89587013083372e-26
18.3342548256229	3.10279055122526e-26
18.5040701954230	1.62267042432663e-26
18.6754584276108	8.43249775967183e-27
18.8484340903380	4.35416330046460e-27
19.0230118866895	2.23382954618221e-27
19.1992066559329	1.13858701050664e-27
19.3770333747799	5.76536876616692e-28
19.5565071586595	2.90005465407594e-28
19.7376432630026	1.44902810254544e-28
19.9204570845387	7.19137654322893e-29
20.1049641626050	3.54474221199307e-29
20.2911801804668	1.73527077157467e-29
20.4791209666509	8.43591352063418e-30
20.6688024962909	4.07240824553728e-30
20.8602408924851	1.95207549380629e-30
21.0534524276671	9.29050993131804e-31
21.2484535249889	4.38986738848460e-31
21.4452607597167	2.05922193615519e-31
21.6438908606402	9.58882841502722e-32
21.8443607114943	4.43209473325435e-32
22.0466873523941	2.03331096974790e-32
22.2508879812837	9.25805516723686e-33
22.4569799553978	4.18337260059045e-33
22.6649807927370	1.87583011262905e-33
22.8749081735571	8.34621748297514e-34
23.0867799418717	3.68454537141432e-34
23.3006141069693	1.61378111224326e-34
23.5164288449435	7.01197007026118e-35
23.7342425002387	3.02230360495460e-35
23.9540735872088	1.29213039055126e-35
24.1759407916913	5.47913644850854e-36
24.3998629725955	2.30421191144044e-36
24.6258591635055	9.60956974935987e-37
24.8539485742980	3.97395626860757e-37
25.0841505927754	1.62946830110363e-37
25.3164847863136	6.62427274535814e-38
25.5509709035251	2.66971805447619e-38
25.7876288759381	1.06657800131200e-38
26.0264788196901	4.22361846424015e-39
26.2675410372384	1.65770043008844e-39
26.5108360190854	6.44793843112147e-40
26.7563844455205	2.48538110302243e-40
27.0042071883778	9.49261488841415e-41
27.2543253128103	3.59221759519550e-41
27.5067600790807	1.34674730514410e-41
27.7615329443680	5.00171288261607e-42
28.0186655645920	1.84002055233535e-42
28.2781797962535	6.70439544131301e-43
28.5400976982924	2.41930714022388e-43
28.8044415339630	8.64525636856382e-44
29.0712337727258	3.05901013894916e-44
29.3404970921579	1.07166846034001e-44
29.6122543798804	3.71686194383741e-45
29.8865287355039	1.27611097278864e-45
30.1633434725920	4.33666322488406e-46
30.4427221206430	1.45860273830322e-46
30.7246884270901	4.85501834948291e-47
31.0092663593193	1.59909886910701e-47
31.2964801067076	5.21132337786612e-48
31.5863540826782	1.68022051191976e-48
31.8789129267765	5.35903980288853e-49
32.1741815067638	1.69070024234175e-49
32.4721849207313	5.27547131904512e-50
32.7729484992339	1.62789585491273e-50
33.0764978074424	4.96727195740115e-51
33.3828586473176	1.49861503258121e-51
33.6920570598027	4.46989678031660e-52
34.0041193270371	1.31793558133314e-52
34.3190719745905	3.84090654712401e-53
34.6369417737174	1.10629086534830e-53
34.9577557436328	3.14886228298664e-54
35.2815411538089	8.85602941360912e-55
35.6083255262929	2.46080569202434e-55
35.9381366380463	6.75491493601575e-56
36.2710025233065	1.83154538790771e-56
36.6069514759691	4.90479908181603e-57
36.9460120519931	1.29712112005194e-57
37.2882130718284	3.38723389535163e-58
37.6335836228654	8.73301682809791e-59
37.9821530619075	2.22272890933118e-59
38.3339510176661	5.58418695939609e-60
38.6890073932798	1.38462552475594e-60
39.0473523688557	3.38805805406338e-61
39.4090164040346	8.18016731387627e-62
39.7740302405804	1.94855458496528e-62
40.1424249049933	4.57875838240339e-63
40.5142317111465	1.06123814096427e-63
40.8894822629487	2.42578692535120e-64
41.2682084570296	5.46778364207112e-65
41.6504424854518	1.21515740259882e-65
42.0362168384472	2.66231507455737e-66
42.4255643071778	5.74956107370624e-67
42.8185179865242	1.22377155306260e-67
43.2151112778977	2.56683526363390e-68
43.6153778920801	5.30479542005094e-69
44.0193518520888	1.08007211616790e-69
44.4270674960689	2.16615864529586e-70
44.8385594802119	4.27878556967159e-71
45.2538627817018	8.32304692150484e-72
45.6730127016875	1.59409411160656e-72
46.0960448682844	3.00575120364266e-73
46.5229952396020	5.57874673384283e-74
46.9539001068006	1.01906364555253e-74
47.3887960971766	1.83182058188201e-75
47.8277201772749	3.23978987859262e-76
48.2707096560320	5.63686665468766e-77
48.7178021879464	9.64672289432864e-78
49.1690357762803	1.62359041435839e-78
49.6244487762893	2.68695676747859e-79
50.0840798984822	4.37184417946337e-80
50.5479682119124	6.99230089707323e-81
51.0161531474984	1.09915260080888e-81
51.4886745013750	1.69788665357982e-82
51.9655724382767	2.57692597365146e-83
52.4468874949512	3.84208361591689e-84
52.9326605836056	5.62641446315213e-85
53.4229329953837	8.09141402337768e-86
53.9177464038751	1.14254156251298e-86
54.4171428686589	1.58380198343790e-87
54.9211648388780	2.15494791697177e-88
55.4298551568468	2.87742979070645e-89
55.9432570616939	3.76989367806129e-90
56.4614141930367	4.84544338467505e-91
56.9843705946915	6.10858947134683e-92
57.5121707184162	7.55220160023843e-93
58.0448594276898	9.15488586863677e-94
58.5824820015254	1.08792710421557e-94
59.1250841383189	1.26716802503730e-95
59.6727119597332	1.44635687667477e-96
60.2254120146193	1.61749195871179e-97
60.7832312829724	1.77195220707285e-98
61.3462171799251	1.90117513804670e-99
61.9144175597785	1.99741712708996e-100
62.4878807200689	2.05450607595400e-101
63.0666554056742	2.06848712365376e-102
63.6507908129558	2.03806893227865e-103
64.2403365939420	1.96480157576390e-104
64.8353428605473	1.85295396926514e-105
65.4358601888324	1.70910276920492e-106
66.0419396233032	1.54148757794997e-107
66.6536326812492	1.35922091427532e-108
67.2709913571235	1.17145945871414e-109
67.8940681269612	9.86642593136251e-111
68.5229159528407	8.11886225924653e-112
69.1575882873852	6.52588897576587e-113
69.7981390783068	5.12270082649720e-114
70.4446227729905	3.92624907186019e-115
71.0970943231245	2.93751501973147e-116
71.7556091893693	2.14490817374682e-117
72.4202233460732	1.52814912367937e-118
73.0909932860293	1.06206806703310e-119
73.7679760252774	7.19894391295481e-121
74.4512291079516	4.75788971826887e-122
75.1408106111698	3.06540231728843e-123
75.8367791499720	1.92479979813973e-124
76.5391938823016	1.17761984430616e-125
77.2481145140342	7.01845743558621e-127
77.9636013040524	4.07370708066267e-128
78.6857150693686	2.30220021365850e-129
79.4145171902934	1.26646780139526e-130
80.1500696156543	6.78007656653449e-132
80.8924348680595	3.53146604041417e-133
81.6416760492147	1.78914300707961e-134
82.3978568452854	8.81440970858347e-136
83.1610415323097	4.22169747179862e-137
83.9312949816638	1.96522906562318e-138
84.7086826655741	8.88908156613386e-140
85.4932706626839	3.90573372919314e-141
86.2851256636691	1.66660897651721e-142
87.0843149769073	6.90450230603555e-144
87.8909065341995	2.77638547028111e-145
88.7049688965443	1.08331788015748e-146
89.5265712599641	4.10052775308577e-148
90.3557834613894	1.50525163101668e-149
91.1926759845930	5.35723431968083e-151
92.0373199661823	1.84803375594812e-152
92.8897872016452	6.17719430142085e-154
93.7501501514529	2.00012873714836e-155
94.6184819472201	6.27165280740747e-157
95.4948563979198	1.90385688313827e-158
96.3793479961580	5.59351085194429e-160
97.2720319245055	1.59001428166800e-161
98.1729840618886	4.37170811877099e-163
99.0822809900380	1.16225358168506e-164
100	2.98686090670428e-166