0.0100000000000000	1.71376109156998e-08
0.0100926219098705	1.84837117341570e-08
0.0101861017015598	1.99321041321010e-08
0.0102804473209331	2.14902842770843e-08
0.0103756667874519	2.31662759865314e-08
0.0104717681948552	2.49686662221707e-08
0.0105687597118480	2.69066428511605e-08
0.0106666495827954	2.89900348100372e-08
0.0107654461284232	3.12293548152742e-08
0.0108651577465254	3.36358447721408e-08
0.0109657929126781	3.62215240420143e-08
0.0110673601809597	3.89992407369970e-08
0.0111698681846782	4.19827262200313e-08
0.0112733256371049	4.51866529982882e-08
0.0113777413322149	4.86266962078591e-08
0.0114831241454351	5.23195988984072e-08
0.0115894830343981	5.62832413375991e-08
0.0116968270397039	6.05367145668627e-08
0.0118051652856881	6.51003984523240e-08
0.0119145069811978	6.99960444876176e-08
0.0120248614203741	7.52468636187116e-08
0.0121362379834424	8.08776193749487e-08
0.0122486461375093	8.69147266054914e-08
0.0123620954373677	9.33863561353714e-08
0.0124765955263087	1.00322545671911e-07
0.0125921561369415	1.07755317308941e-07
0.0127087870920206	1.15718801993849e-07
0.0128264983052806	1.24249371341056e-07
0.0129452997822792	1.33385777194786e-07
0.0130652016212472	1.43169299363724e-07
0.0131862140139475	1.53643901971819e-07
0.0133083472465408	1.64856398890713e-07
0.0134316117004602	1.76856628742414e-07
0.0135560178532937	1.89697639984798e-07
0.0136815762796747	2.03435886616908e-07
0.0138082976521809	2.18131435067318e-07
0.0139361927422414	2.33848182855598e-07
0.0140652724210524	2.50654089644754e-07
0.0141955476605010	2.68621421332212e-07
0.0143270295340983	2.87827007856842e-07
0.0144597292179202	3.08352515431076e-07
0.0145936579915576	3.30284733940958e-07
0.0147288272390750	3.53715880289483e-07
0.0148652484499786	3.78743918495652e-07
0.0150029332201922	4.05472897397792e-07
0.0151418932530435	4.34013306847718e-07
0.0152821403602587	4.64482453322625e-07
0.0154236864629663	4.97004855922851e-07
0.0155665435927106	5.31712663764936e-07
0.0157107238924745	5.68746095826324e-07
0.0158562396177114	6.08253904341350e-07
0.0160031031373870	6.50393862897032e-07
0.0161513269350309	6.95333280426328e-07
0.0163009236097974	7.43249542347302e-07
0.0164519058775366	7.94330680149077e-07
0.0166042865718753	8.48775970780084e-07
0.0167580786453077	9.06796567250749e-07
0.0169132951702965	9.68616161920887e-07
0.0170699493403841	1.03447168400100e-06
0.0172280544713139	1.10461403286084e-06
0.0173876240021625	1.17930884880070e-06
0.0175486714964815	1.25883732300661e-06
0.0177112106434509	1.34349704848188e-06
0.0178752552590424	1.43360291381295e-06
0.0180408192871938	1.52948804170216e-06
0.0182079168009946	1.63150477427545e-06
0.0183765620038817	1.74002570724542e-06
0.0185467692308470	1.85544477509395e-06
0.0187185529496558	1.97817838951382e-06
0.0188919277620767	2.10866663343603e-06
0.0190669084051225	2.24737451305289e-06
0.0192435097523033	2.39479327033340e-06
0.0194217468148903	2.55144175861775e-06
0.0196016347431919	2.71786788397030e-06
0.0197831888278417	2.89465011506394e-06
0.0199664245010979	3.08239906446204e-06
0.0201513573381556	3.28175914426845e-06
0.0203380030584698	3.49341029921101e-06
0.0205263775270925	3.71806982032626e-06
0.0207164967560207	3.95649424252938e-06
0.0209083769055575	4.20948132943724e-06
0.0211020342856860	4.47787214895246e-06
0.0212974853574552	4.76255324319289e-06
0.0214947467343798	5.06445889649771e-06
0.0216938351838519	5.38457350533037e-06
0.0218947676285662	5.72393405402689e-06
0.0220975611479590	6.08363270046052e-06
0.0223022329796594	6.46481947580160e-06
0.0225088005209546	6.86870510268586e-06
0.0227172813302691	7.29656393622336e-06
0.0229276931286565	7.74973703240251e-06
0.0231400538013065	8.22963534857221e-06
0.0233543813990648	8.73774308081601e-06
0.0235706941399673	9.27562114316001e-06
0.0237890104107889	9.84491079367564e-06
0.0240093487686065	1.04473374126893e-05
0.0242317279423760	1.10847144384240e-05
0.0244561668345245	1.17589474655278e-05
0.0246826845225569	1.24720385121138e-05
0.0249113002606779	1.32260904609952e-05
0.0251420334814280	1.40233116810198e-05
0.0253749037973357	1.48660208344664e-05
0.0256099310025846	1.57566518766318e-05
0.0258471350746957	1.66977592538749e-05
0.0260865361762255	1.76920233064812e-05
0.0263281546564802	1.87422558828719e-05
0.0265720110532451	1.98514061717967e-05
0.0268181260945302	2.10225667592654e-05
0.0270665207003324	2.22589799171024e-05
0.0273172159844138	2.35640441301358e-05
0.0275702332560959	2.49413208691479e-05
0.0278255940220713	2.63945416168121e-05
0.0280833199882317	2.79276151539637e-05
0.0283434330615131	2.95446351136660e-05
0.0286059553517574	3.12498878106346e-05
0.0288709091735924	3.30478603536415e-05
0.0291383170483279	3.49432490486894e-05
0.0294082017058706	3.69409681007386e-05
0.0296805860866560	3.90461586219509e-05
0.0299554933435982	4.12641979543839e-05
0.0302329468440578	4.36007093152205e-05
0.0305129701718287	4.60615717726714e-05
0.0307955871291423	4.86529305606096e-05
0.0310808217386907	5.13812077402853e-05
0.0313686982456688	5.42531132172380e-05
0.0316592411198352	5.72756561217357e-05
0.0319524750575921	6.04561565609800e-05
0.0322484249840844	6.38022577513765e-05
0.0325471160553185	6.73219385391143e-05
0.0328485736603005	7.10235263173111e-05
0.0331528234231943	7.49157103479294e-05
0.0334598912054998	7.90075554966175e-05
0.0337698031082509	8.33085163885739e-05
0.0340825854742345	8.78284519934545e-05
0.0343982648902293	9.25776406472504e-05
0.0347168681892656	9.75667955189364e-05
0.0350384224529068	0.000102807080529596
0.0353629550135505	0.000108310126731552
0.0356904934567523	0.000114088049154890
0.0360210656235707	0.000120153464128559
0.0363546996129332	0.000126519507083067
0.0366914237840249	0.000133199850841508
0.0370312667586993	0.000140208724405490
0.0373742574239107	0.000147560932242172
0.0377204249341700	0.000155271874078426
0.0380697987140229	0.000163357565207741
0.0384224084605506	0.000171834657315218
0.0387782841458946	0.000180720459825584
0.0391374560198039	0.000190032961778791
0.0394999546122065	0.000199790854237372
0.0398658107358044	0.000210013553229207
0.0402350554886930	0.000220721223228995
0.0406077202570037	0.000231934801181092
0.0409838367175726	0.000243676021065977
0.0413634368406328	0.000255967439011935
0.0417465528925314	0.000268832458953021
0.0421332174384729	0.000282295358833765
0.0425234633452868	0.000296381317360295
0.0429173237842216	0.000311116441297064
0.0433148322337640	0.000326527793307460
0.0437160224824851	0.000342643420335934
0.0441209286319119	0.000359492382528459
0.0445295850994266	0.000377104782687307
0.0449420266211915	0.000395511796255265
0.0453582882551019	0.000414745701823523
0.0457784053837662	0.000434839912156552
0.0462024137175132	0.000455829005726320
0.0466303492974274	0.000477748758747118
0.0470622484984129	0.000500636177701361
0.0474981480322850	0.000524529532345550
0.0479380849508911	0.000549468389184498
0.0483820966492596	0.000575493645400730
0.0488302208687788	0.000602647563224968
0.0492824957004052	0.000630973804732038
0.0497389595879007	0.000660517467045671
0.0501996513311008	0.000691325117934047
0.0506646100892127	0.000723444831776849
0.0511338753841433	0.000756926225883057
0.0516074871038591	0.000791820497137328
0.0520854855057767	0.000828180458951580
0.0525679112201843	0.000866060578496553
0.0530548052536958	0.000905517014187029
0.0535462089927361	0.000946607653392503
0.0540421642070592	0.000989392150343810
0.0545427130532984	0.00103393196420442
0.0550478980785497	0.00108029039727363
0.0555577622239888	0.00112853263328720
0.0560723488285204	0.00117872577577913
0.0565917016324625	0.00123093888646692
0.0571158647812643	0.00128524302362069
0.0576448828292588	0.00134171128037462
0.0581788007434494	0.00140041882293803
0.0587176639073326	0.00146144292866091
0.0592615181247556	0.00152486302390736
0.0598104096238094	0.00159076072168856
0.0603643850607587	0.00165921985900470
0.0609234915240072	0.00173032653384423
0.0614877765381003	0.00180416914178601
0.0620572880677650	0.00188083841214882
0.0626320745219869	0.00196042744363069
0.0632121847581246	0.00204303173937834
0.0637976680860628	0.00212874924142564
0.0643885742724042	0.00221768036443805
0.0649849535446990	0.00230992802869774
0.0655868565957144	0.00240559769226338
0.0661943345877439	0.00250479738223533
0.0668074391569562	0.00260763772505665
0.0674262224177835	0.00271423197577751
0.0680507369673521	0.00282469604620965
0.0686810358899531	0.00293914853189562
0.0693171727615541	0.00305771073781533
0.0699592016543538	0.00318050670275225
0.0706071771413778	0.00330766322223838
0.0712611543011175	0.00343930986999703
0.0719211887222119	0.00357557901779997
0.0725873365081726	0.00371660585365527
0.0732596542821524	0.00386252839823929
0.0739381991917587	0.00401348751948670
0.0746230289139112	0.00416962694525011
0.0753142016597438	0.00433109327394026
0.0760117761795533	0.00449803598305669
0.0767158117677931	0.00467060743551746
0.0774263682681128	0.00484896288369665
0.0781435060784455	0.00503326047107666
0.0788672861561416	0.00522366123142175
0.0795977700231499	0.00542032908538009
0.0803350197712474	0.00562343083441872
0.0810790980673170	0.00583313615199856
0.0818300681586740	0.00604961757189329
0.0825879938784428	0.00627305047355893
0.0833529396509820	0.00650361306445823
0.0841249704973612	0.00674148635924683
0.0849041520408876	0.00698685415572578
0.0856905505126836	0.00723990300746860
0.0864842327573173	0.00750082219302903
0.0872852662384838	0.00776980368163755
0.0880937190447400	0.00804704209529632
0.0889096598952916	0.00833273466718257
0.0897331581458353	0.00862708119627157
0.0905642837944530	0.00893028399809265
0.0914031074875624	0.00924254785153259
0.0922497005259218	0.00956407994160375
0.0931041348706908	0.00989508979809418
0.0939664831495470	0.0102357892300216
0.0948368186628593	0.0105863922558149
0.0957152153899187	0.0109471150291471
0.0966017479952265	0.0113181757603504
0.0974964918348410	0.0116997946333448
0.0983995229627823	0.0120921937180137
0.0993109181374980	0.0124955968779667
0.100230754828387	0.0129102296736305
0.101159111222383	0.0133363192606145
0.102096066230605	0.0137740942833002
0.103041699495059	0.0142237847636098
0.103996091395412	0.0146856219849119
0.104959323055823	0.0151598383710279
0.105931476351837	0.0156466673603086
0.106912633917348	0.0161463432747529
0.107902879151618	0.0166591011841504
0.108902296226373	0.0171851767652302
0.109910970092950	0.0177248061558069
0.110928986489522	0.0182782258039243
0.111956431948388	0.0188456723119936
0.112993393803322	0.0194273822759423
0.114039960197003	0.0200235921193873
0.115096220088503	0.0206345379228565
0.116162263260850	0.0212604552480907
0.117238180328660	0.0219015789574646
0.118324062745838	0.0225581430285741
0.119420002813353	0.0232303803640451
0.120526093687084	0.0239185225966263
0.121642429385737	0.0246227998896394
0.122769104798836	0.0253434407328694
0.123906215694792	0.0260806717339818
0.125053858729039	0.0268347174055724
0.126212131452255	0.0276057999479564
0.127381132318648	0.0283941390278197
0.128560960694330	0.0291999515528637
0.129751716865759	0.0300234514425868
0.130953502048267	0.0308648493953567
0.132166418394661	0.0317243526519400
0.133390569003906	0.0326021647556708
0.134626057929891	0.0334984853094441
0.135872990190271	0.0344135097297483
0.137131471775395	0.0353474289979496
0.138401609657313	0.0363004294090644
0.139683511798874	0.0372726923182725
0.140977287162897	0.0382643938854339
0.142283045721435	0.0392757048178936
0.143600898465126	0.0403067901118729
0.144930957412622	0.0413578087927706
0.146273335620113	0.0424289136547089
0.147628147190939	0.0435202509996830
0.148995507285286	0.0446319603767014
0.150375532129974	0.0457641743213120
0.151768339028341	0.0469170180959490
0.153174046370208	0.0480906094315546
0.154592773641948	0.0492850582709499
0.156024641436637	0.0505004665144723
0.157469771464309	0.0517369277684154
0.158928286562298	0.0529945270968463
0.160400310705682	0.0542733407774043
0.161885969017820	0.0555734360617283
0.163385387780986	0.0568948709411906
0.164898694447107	0.0582376939186629
0.166426017648590	0.0596019437870826
0.167967487209265	0.0609876494156263
0.169523234155412	0.0623948295443581
0.171093390726902	0.0638234925882643
0.172678090388436	0.0652736364516422
0.174277467840892	0.0667452483538709
0.175891659032773	0.0682383046676523
0.177520801171764	0.0697527707708786
0.179165032736390	0.0712886009133396
0.180824493487795	0.0728457380995776
0.182499324481615	0.0744241139892446
0.184189668079971	0.0760236488164269
0.185895667963569	0.0776442513294586
0.187617469143912	0.0792858187528484
0.189355217975630	0.0809482367730378
0.191109062168914	0.0826313795497866
0.192879150802078	0.0843351097550993
0.194665634334226	0.0860592786416990
0.196468664618045	0.0878037261431556
0.198288394912707	0.0895682810078976
0.200124979896904	0.0913527609694367
0.201978575681988	0.0931569729552460
0.203849339825246	0.0949807133368644
0.205737431343291	0.0968237682238910
0.207643010725578	0.0986859138046852
0.209566239948043	0.100566916736659
0.211507282486880	0.102466534589225
0.213466303332425	0.104384516342508
0.215443469003189	0.106320602945126
0.217438947560008	0.108274527934355
0.219452908620332	0.110246018122198
0.221485523372636	0.112234794350899
0.223536964590980	0.114240572321565
0.225607406649686	0.116263063499655
0.227697025538168	0.118301976101114
0.229805998875885	0.120357016163048
0.231934505927443	0.122427888702837
0.234082727617829	0.124514298969597
0.236250846547795	0.126615953791967
0.238439047009372	0.128732563026103
0.240647515001543	0.130863841107765
0.242876438246045	0.133009508712327
0.245126006203334	0.135169294526381
0.247396410088682	0.137342937134547
0.249687842888433	0.139530187024882
0.252000499376409	0.141730808716103
0.254334576130465	0.143944583009573
0.256690271549195	0.146171309368743
0.259067785868801	0.148410808428347
0.261467321180109	0.150662924635331
0.263889081445751	0.152927529022979
0.266333272517498	0.155204522119263
0.268800102153761	0.157493836989850
0.271289780037247	0.159795442415600
0.273802517792786	0.162109346203673
0.276338529005317	0.164435598630661
0.278898029238044	0.166774296015317
0.281481236050758	0.169125584417557
0.284088369018331	0.171489663459470
0.286719649749377	0.173866790263036
0.289375301905095	0.176257283498169
0.292055551218275	0.178661527533494
0.294760625512486	0.181079976681046
0.297490754721444	0.183513159524788
0.300246170908555	0.185961683321430
0.303027108286640	0.188426238460610
0.305833803237844	0.190907602970001
0.308666494333728	0.193406647049321
0.311525422355549	0.195924337615681
0.314410830314727	0.198461742840970
0.317322963473498	0.201020036660345
0.320262069365765	0.203600503229189
0.323228397818138	0.206204541304108
0.326222200971167	0.208833668521841
0.329243733300777	0.211489525548216
0.332293251639898	0.214173880067525
0.335371015200293	0.216888630581026
0.338477285594598	0.219635809981617
0.341612326858553	0.222417588870091
0.344776405473447	0.225236278576929
0.347969790388770	0.228094333852057
0.351192753045073	0.230994355183778
0.354445567397044	0.233939090706741
0.357728509936788	0.236931437657923
0.361041859717334	0.239974443338528
0.364385898376355	0.243071305539159
0.367760910160104	0.246225372384998
0.371167181947577	0.249440141557462
0.374605003274900	0.252719258848846
0.378074666359935	0.256066516006567
0.381576466127125	0.259485847824203
0.385110700232557	0.262981328437325
0.388677669089267	0.266557166783168
0.392277675892772	0.270217701184765
0.395911026646846	0.273967393021829
0.399578030189527	0.277810819452966
0.403278998219371	0.281752665156256
0.407014245321944	0.285797713058171
0.410784088996565	0.289950834024177
0.414588849683292	0.294216975488012
0.418428850790159	0.298601149000737
0.422304418720668	0.303108416685254
0.426215882901533	0.307743876586752
0.430163575810680	0.312512646914983
0.434147833005510	0.317419849179781
0.438168993151419	0.322470590227412
0.442227398050590	0.327669943191587
0.446323392671040	0.333022927379788
0.450457325175946	0.338534487122478
0.454629546953241	0.344209469620021
0.458840412645476	0.350052601829738
0.463090280179974	0.356068466443110
0.467379510799247	0.362261477011097
0.471708469091702	0.368635852283451
0.476077523022637	0.375195589835971
0.480487043965514	0.381944439067748
0.484937406733524	0.388885873658358
0.489428989611453	0.396023063583019
0.493962174387832	0.403358846791375
0.498537346387390	0.410895700663211
0.503154894503806	0.418635713361589
0.507815211232768	0.426580555210898
0.512518692705334	0.434731450233745
0.517265738721602	0.443089147986686
0.522056752784698	0.451653895840270
0.526892142135068	0.460425411853746
0.531772317785098	0.469402858398975
0.536697694554048	0.478584816691574
0.541668691103316	0.487969262389962
0.546685729972019	0.497553542424834
0.551749237612913	0.507334353222483
0.556859644428642	0.517307720485351
0.562017384808319	0.527468980692175
0.567222897164455	0.537812764478055
0.572476623970219	0.548332982051577
0.577779011797051	0.559022810802008
0.583130511352623	0.569874685244184
0.588531577519146	0.580880289442340
0.593982669392036	0.592030552046541
0.599484250318941	0.603315644066768
0.605036787939123	0.614724979499905
0.610640754223205	0.626247218914106
0.616296625513295	0.637870276083155
0.622004882563471	0.649581327750544
0.627766010580651	0.661366826589271
0.633580499265826	0.673212517408611
0.639448842855695	0.685103456643699
0.645371540164670	0.697024035147467
0.651349094627281	0.708958004287688
0.657382014340960	0.720888505334334
0.663470812109235	0.732798102104718
0.669616005485323	0.744668816815508
0.675818116816111	0.756482169072329
0.682077673286569	0.768219217909049
0.688395206964551	0.779860606770243
0.694771254846025	0.791386611311921
0.701206358900719	0.802777189877366
0.707701066118190	0.814012036487175
0.714255928554313	0.825070636165248
0.720871503378215	0.835932322405925
0.727548352919623	0.846576336571511
0.734287044716677	0.856981888994599
0.741088151564158	0.867128221545525
0.747952251562183	0.876994671412649
0.754879928165344	0.886560735831521
0.761871770232300	0.895806137488839
0.768928372075832	0.904710890318375
0.776050333513358	0.913255365398833
0.783238259917920	0.921420356658050
0.790492762269643	0.929187146083979
0.797814457207663	0.936537568140774
0.805203967082548	0.943454073087844
0.812661920009196	0.949919788901181
0.820188949920221	0.955918581499421
0.827785696619848	0.961435112982194
0.835452805838288	0.966454897595112
0.843190929286627	0.970964355144407
0.851000724712225	0.974950861594587
0.858882855954626	0.978402796594580
0.866837993001979	0.981309587691508
0.874866812047992	0.983661751006533
0.882969995549410	0.985450928163931
0.891148232284020	0.986669919282629
0.899402217409205	0.987312711858830
0.907732652521024	0.987374505388775
0.916140245713853	0.986851731602216
0.924625711640575	0.985742070199489
0.933189771573325	0.984044460008129
0.941833153464797	0.981759105498593
0.950556592010121	0.978887478622684
0.959360828709315	0.975432315962507
0.968246611930313	0.971397611202185
0.977214696972574	0.966788602958802
0.986265846131283	0.961611758033087
0.995400828762153	0.955874750163980
1.00462042134681	0.949586434394325
1.01392540755882	0.942756817177253
1.02331657833025	0.935397022374387
1.03279473191895	0.927519253317480
1.04236067397640	0.919136751124492
1.05201521761616	0.910263749479303
1.06175918348300	0.900915426100947
1.07159339982267	0.891107851143687
1.08151870255229	0.880857932782906
1.09153593533139	0.870183360254014
1.10164594963366	0.859102544621959
1.11184960481927	0.847634557567636
1.12214776820798	0.835799068484401
1.13254131515281	0.823616280182983
1.14303112911448	0.811106863506383
1.15361810173648	0.798291891157750
1.16430313292088	0.785192771043957
1.17508713090481	0.771831179435373
1.18597101233767	0.758228994238580
1.19695570235905	0.744408228673125
1.20804213467733	0.730390965636361
1.21923125164911	0.716199293031619
1.23052400435926	0.701855240324917
1.24192135270179	0.687380716583801
1.25342426546140	0.672797450239233
1.26503372039590	0.658126930797458
1.27675070431927	0.643390352713885
1.28857621318552	0.628608561625183
1.30051125217341	0.613802003119056
1.31255683577184	0.598990674204023
1.32471398786612	0.584194077623559
1.33698374182495	0.569431179140852
1.34936714058831	0.554720367901886
1.36186523675608	0.540079419965968
1.37447909267754	0.525525465074162
1.38720978054162	0.511074956707653
1.40005838246810	0.496743645469630
1.41302599059954	0.482546555806514
1.42611370719413	0.468497966066704
1.43932264471941	0.454611391878159
1.45265392594678	0.440899572809869
1.46610868404699	0.427374462266564
1.47968806268640	0.414047220551443
1.49339321612425	0.400928211017671
1.50722530931076	0.388026999216586
1.52118551798611	0.375352354938498
1.53527502878042	0.362912257031178
1.54949503931463	0.350713900871187
1.56384675830225	0.338763708354552
1.57833140565212	0.327067340265583
1.59295021257212	0.315629710876131
1.60770442167382	0.304455004622241
1.62259528707809	0.293546694700753
1.63762407452169	0.282907563425304
1.65279206146490	0.272539724178944
1.66810053720006	0.262444644799585
1.68355080296120	0.252623172234236
1.69914417203463	0.243075558299014
1.71488196987054	0.233801486383467
1.73076553419573	0.224800098940531
1.74679621512725	0.216070025606699
1.76297537528721	0.207609411801234
1.77930438991858	0.199415947658005
1.79578464700210	0.191486897148978
1.81241754737424	0.183819127264408
1.82920450484630	0.176409137121181
1.84614694632455	0.169253086877702
1.86324631193156	0.162346826340895
1.88050405512858	0.155685923158450
1.89792164283910	0.149265690497168
1.91550055557353	0.143081214116144
1.93324228755505	0.137127378751566
1.95114834684662	0.131398893737893
1.96922025547917	0.125890317798278
1.98745954958099	0.120596082945019
2.00586777950824	0.115510517438687
2.02444650997681	0.110627867762300
2.04319732019527	0.105942319574407
2.06212180399915	0.101448017612226
2.08122156998634	0.0971390845229644
2.10049824165392	0.0930096386081885
2.11995345753607	0.0890538104724752
2.13958887134342	0.0852657585736351
2.15940615210357	0.0816396836774731
2.17940698430296	0.0781698422253628
2.19959306803008	0.0748505586278358
2.21996611911996	0.0716762365019039
2.24052786930002	0.0686413688739935
2.26128006633728	0.0657405473740681
2.28222447418690	0.0629684704498840
2.30336287314213	0.0603199506332694
2.32469705998565	0.0577899208928621
2.34622884814227	0.0553734401099741
2.36796006783308	0.0530656977160327
2.38989256623105	0.0508620175315777
2.41202820761801	0.0487578608479096
2.43436887354311	0.0467488287933320
2.45691646298279	0.0448306640264568
2.47967289250216	0.0429992517992917
2.50264009641792	0.0412506204328209
2.52582002696279	0.0395809412475232
2.54921465445143	0.0379865279908085
2.57282596744794	0.0364638358026502
2.59665597293487	0.0350094597598439
2.62070669648386	0.0336201330382775
2.64498018242772	0.0322927247314262
2.66947849403432	0.0310242373619848
2.69420371368189	0.0298118041221392
2.71915794303602	0.0286526858764751
2.74434330322837	0.0275442679599540
2.76976193503689	0.0264840568017491
2.79541599906786	0.0254696764040636
2.82130767593947	0.0244988647033588
2.84743916646725	0.0235694698396824
2.87381269185107	0.0226794463580979
2.90043049386399	0.0218268513644791
2.92729483504282	0.0210098406562567
2.95440799888038	0.0202266648470381
2.98177229001968	0.0194756655023914
3.00939003444972	0.0187552713025021
3.03726357970332	0.0180639942458790
3.06539529505653	0.0174004259068054
3.09378757173014	0.0167632337578142
3.12244282309286	0.0161511575671082
3.15136348486648	0.0155630058795619
3.18055201533292	0.0149976525887185
3.21001089554318	0.0144540336060469
3.23974262952820	0.0139311436326444
3.26974974451177	0.0134280330375644
3.30003479112529	0.0129438048460122
3.33060034362459	0.0124776118397852
3.36144900010877	0.0120286537715385
3.39258338274100	0.0115961746937267
3.42400613797143	0.0111794604024123
3.45571993676214	0.0107778359955289
3.48772747481418	0.0103906635446516
3.52003147279668	0.0100173398788464
3.55263467657814	0.00965729447874899
3.58553985745982	0.00930998747865074
3.61874981241128	0.00897490777405222
3.65226736430818	0.00865157123186965
3.68609536217216	0.00833951900025189
3.72023668141307	0.00803831591477832
3.75469422407334	0.00774754899765603
3.78947091907467	0.00746682604642311
3.82456972246700	0.00719577430857871
3.85999361767977	0.00693403923850984
3.89574561577551	0.00668128333305694
3.93182875570577	0.00643718504205599
3.96824610456948	0.00620143775021617
4.00500075787362	0.00597374882672548
4.04209583979631	0.00575383873903426
4.07953450345246	0.00554144022733158
4.11731993116168	0.00533629753631331
4.15545533471888	0.00513816570092896
4.19394395566719	0.00494680988289739
4.23278906557356	0.00476200475488659
4.27199396630678	0.00458353392936733
4.31156199031823	0.00441118942926713
4.35149650092505	0.00424477119767124
4.39180089259609	0.00408408664394168
4.43247859124040	0.00392895022374529
4.47353305449847	0.00377918305060983
4.51496777203611	0.00363461253674546
4.55678626584107	0.00349507206099456
4.59899209052245	0.00336040066188842
4.64158883361278	0.00323044275390890
4.68458011587305	0.00310504786516595
4.72796959160040	0.00298407039481217
4.77176094893875	0.00286736938862293
4.81595791019236	0.00275480833127297
4.86056423214214	0.00264625495394005
4.90558370636505	0.00254158105595958
4.95102015955635	0.00244066233934598
4.99687745385489	0.00234337825508103
5.04315948717137	0.00224961186015223
5.08987019351969	0.00215924968440078
5.13701354335135	0.00207218160631194
5.18459354389292	0.00198830073694933
5.23261423948667	0.00190750331129941
5.28107971193434	0.00182968858635259
5.32999408084410	0.00175475874530486
5.37936150398071	0.00168261880731602
5.42918617761895	0.00161317654231030
5.47947233690029	0.00154634239035134
5.53022425619291	0.00148202938516529
5.58144624945497	0.00142015308142598
5.63314267060136	0.00136063148545210
5.68531791387376	0.00130338498900024
5.73797641421414	0.00124833630586814
5.79112264764177	0.00119541041105144
5.84476113163364	0.00114453448222298
5.89889642550850	0.00109563784332739
5.95353313081437	0.00104865191010603
6.00867589171970	0.00100351013738656
6.06432939540807	0.000960147967989833
6.12049837247670	0.000918502783123138
6.17718759733850	0.000878513854143577
6.23440188862787	0.000840122295588718
6.29214610961036	0.000803271019383973
6.35042516859597	0.000767904690146738
6.40924401935646	0.000733969681517204
6.46860766154633	0.000701414033454626
6.52852114112786	0.000670187410445256
6.58898955079995	0.000640241060575497
6.65001803043113	0.000611527775429621
6.71161176749629	0.000584001850777170
6.77377599751776	0.000557619048019587
6.83651600451025	0.000532336556370195
6.89983712143003	0.000508112955745011
6.96374473062823	0.000484908180345378
7.02824426430836	0.000462683482915934
7.09334120498801	0.000441401399663892
7.15904108596489	0.000421025715827796
7.22534949178722	0.000401521431885460
7.29227205872832	0.000382854730392361
7.35981447526578	0.000364992943442947
7.42798248256492	0.000347904520748411
7.49678187496688	0.000331558998325113
7.56621850048106	0.000315926967788712
7.63629826128225	0.000300980046249358
7.70702711421231	0.000286690846803832
7.77841107128649	0.000273032949620667
7.85045620020452	0.000259980873614545
7.92316862486626	0.000247510048706274
7.99655452589236	0.000235596788664715
8.07062014114951	0.000224218264526960
8.14537176628075	0.000213352478593017
8.22081575524055	0.000202978238991044
8.29695852083492	0.000193075134809095
8.37380653526650	0.000183623511789135
8.45136633068473	0.000174604448578781
8.52964449974103	0.000165999733536202
8.60864769614926	0.000157791842083130
8.68838263525120	0.000149963914600914
8.76885609458744	0.000142499734864179
8.85007491447345	0.000135383709006444
8.93204599858098	0.000128600845011861
9.01477631452493	0.000122136732726930
9.09827289445557	0.000115977524385880
9.18254283565630	0.000110109915643163
9.26759330114689	0.000104521127106335
9.35343152029240	9.91988863623301e-05
9.44006478941761	9.41314104900702e-05
9.52750047242730	8.93073890520385e-05
9.61574600143212	8.47159675574396e-05
9.70480887738032	8.03467313892863e-05
9.79469667069540	7.61896901877270e-05
9.88541702191958	7.22352626817527e-05
9.97697764236322	6.84742619613361e-05
10.0693863147603	6.48978811819721e-05
10.1626508939300	6.14976796934961e-05
10.2567793074442	5.82655695850054e-05
10.3517795563018	5.51938026376459e-05
10.4476597156081	5.22749576770060e-05
10.5444279352617	4.95019283167981e-05
10.6420924406472	4.68679110855293e-05
10.7406615333343	4.43663939278280e-05
10.8401435917833	4.19911450721329e-05
10.9405470720574	3.97362022563941e-05
11.0418805085416	3.75958623035757e-05
11.1441525146679	3.55646710386828e-05
11.2473717836475	3.36374135390901e-05
11.3515470892100	3.18091047101106e-05
11.4566872863487	3.00749801775960e-05
11.5628013120738	2.84304874896755e-05
11.6698981861715	2.68712776195846e-05
11.7779870119712	2.53931967617727e-05
11.8870769771191	2.39922784134989e-05
11.9971773543589	2.26647357342103e-05
12.1082975023204	2.14069541751264e-05
12.2204468663149	2.02154843715382e-05
12.3336349791378	1.90870352904320e-05
12.4478714618791	1.80184676261523e-05
12.5631660247412	1.70067874369664e-05
12.6795284678644	1.60491400154756e-05
12.7969686821594	1.51428039859254e-05
12.9154966501489	1.42851856216536e-05
13.0351224468151	1.34738133759623e-05
13.1558562404571	1.27063326198760e-05
13.2777082935543	1.19805005803553e-05
13.4006889636395	1.12941814726879e-05
13.5248087041788	1.06453418208592e-05
13.6500780654602	1.00320459599046e-05
13.7765076954906	9.45245171431480e-06
13.9041083409007	8.90480624673982e-06
14.0328908478587	8.38744207134563e-06
14.1628661629920	7.89877322631916e-06
14.2940453343176	7.43729160015890e-06
14.4264395121816	7.00156340648429e-06
14.5600599502065	6.59022580228640e-06
14.6949180062482	6.20198364460467e-06
14.8310251433611	5.83560638080417e-06
14.9683929307726	5.48992506771623e-06
15.1070330448666	5.16382951504433e-06
15.2469572701758	4.85626554857507e-06
15.3881775003835	4.56623238883110e-06
15.5307057393346	4.29278014095709e-06
15.6745541020560	4.03500739172312e-06
15.8197348157860	3.79205890966485e-06
15.9662602210143	3.56312344449804e-06
16.1141427725302	3.34743162204758e-06
16.2633950404819	3.14425393105935e-06
16.4140297114447	2.95289879836730e-06
16.5660595894992	2.77271074899913e-06
16.7194975973199	2.60306864791033e-06
16.8743567772738	2.44338402014748e-06
17.0306502925285	2.29309944633651e-06
17.1883914281715	2.15168703049995e-06
17.3475935923393	2.01864693730309e-06
17.5082703173573	1.89350599592543e-06
17.6704352608895	1.77581636785113e-06
17.8341022071001	1.66515427596040e-06
17.9992850678248	1.56111879239839e-06
18.1659978837533	1.46333068278368e-06
18.3342548256229	1.37143130440359e-06
18.5040701954230	1.28508155612915e-06
18.6754584276108	1.20396087786269e-06
18.8484340903380	1.12776629741120e-06
19.0230118866895	1.05621152275373e-06
19.1992066559329	9.89026077748090e-07
19.3770333747799	9.25954479394051e-07
19.5565071586595	8.66755454840751e-07
19.7376432630026	8.11201196395465e-07
19.9204570845387	7.59076652855910e-07
20.1049641626050	7.10178855555183e-07
20.2911801804668	6.64316277568773e-07
20.4791209666509	6.21308224595176e-07
20.6688024962909	5.80984256080276e-07
20.8602408924851	5.43183635211293e-07
21.0534524276671	5.07754806463721e-07
21.2484535249889	4.74554899434484e-07
21.4452607597167	4.43449257749909e-07
21.6438908606402	4.14310991882665e-07
21.8443607114943	3.87020554764119e-07
22.0466873523941	3.61465339121398e-07
22.2508879812837	3.37539295515524e-07
22.4569799553978	3.15142570099332e-07
22.6649807927370	2.94181161155320e-07
22.8749081735571	2.74566593514626e-07
23.0867799418717	2.56215609996009e-07
23.3006141069693	2.39049879042021e-07
23.5164288449435	2.22995717764555e-07
23.7342425002387	2.07983829647249e-07
23.9540735872088	1.93949056185183e-07
24.1759407916913	1.80830141774107e-07
24.3998629725955	1.68569511192750e-07
24.6258591635055	1.57113059050688e-07
24.8539485742980	1.46409950603283e-07
25.0841505927754	1.36412433361897e-07
25.3164847863136	1.27075658954362e-07
25.5509709035251	1.18357514715300e-07
25.7876288759381	1.10218464510483e-07
26.0264788196901	1.02621398322166e-07
26.2675410372384	9.55314901448097e-08
26.5108360190854	8.89160637617530e-08
26.7563844455205	8.27444659937179e-08
27.0042071883778	7.69879470296285e-08
27.2543253128103	7.16195474689216e-08
27.5067600790807	6.66139917223802e-08
27.7615329443680	6.19475874355664e-08
28.0186655645920	5.75981306154851e-08
28.2781797962535	5.35448161565445e-08
28.5400976982924	4.97681534770590e-08
28.8044415339630	4.62498869916476e-08
29.0712337727258	4.29729211587227e-08
29.3404970921579	3.99212498551549e-08
29.6122543798804	3.70798898428016e-08
29.8865287355039	3.44348181033521e-08
30.1633434725920	3.19729128293847e-08
30.4427221206430	2.96818978703348e-08
30.7246884270901	2.75502904422978e-08
31.0092663593193	2.55673519206196e-08
31.2964801067076	2.37230415434119e-08
31.5863540826782	2.20079728631742e-08
31.8789129267765	2.04133727921864e-08
32.1741815067638	1.89310430954396e-08
32.4721849207313	1.75533241925560e-08
32.7729484992339	1.62730611375437e-08
33.0764978074424	1.50835716521480e-08
33.3828586473176	1.39786160952631e-08
33.6920570598027	1.29523692571224e-08
34.0041193270371	1.19993938730390e-08
34.3190719745905	1.11146157571198e-08
34.6369417737174	1.02933004618404e-08
34.9577557436328	9.53103137446548e-09
35.2815411538089	8.82368916622655e-09
35.6083255262929	8.16743251476415e-09
35.9381366380463	7.55868002477646e-09
36.2710025233065	6.99409327595141e-09
36.6069514759691	6.47056093126116e-09
36.9460120519931	5.98518384239675e-09
37.2882130718284	5.53526109272394e-09
37.6335836228654	5.11827692148468e-09
37.9821530619075	4.73188847616532e-09
38.3339510176661	4.37391434297862e-09
38.6890073932798	4.04232380826947e-09
39.0473523688557	3.73522680636267e-09
39.4090164040346	3.45086451192981e-09
39.7740302405804	3.18760053738941e-09
40.1424249049933	2.94391269813551e-09
40.5142317111465	2.71838531057126e-09
40.8894822629487	2.50970198996396e-09
41.2682084570296	2.31663891708581e-09
41.6504424854518	2.13805854442674e-09
42.0362168384472	1.97290371450193e-09
42.4255643071778	1.82019216440824e-09
42.8185179865242	1.67901139231962e-09
43.2151112778977	1.54851386307890e-09
43.6153778920801	1.42791253140463e-09
44.0193518520888	1.31647666253234e-09
44.4270674960689	1.21352793133468e-09
44.8385594802119	1.11843678210753e-09
45.2538627817018	1.03061903230440e-09
45.6730127016875	9.49532704519497e-10
46.0960448682844	8.74675071983954e-10
46.5229952396020	8.05579903750479e-10
46.9539001068006	7.41814896593929e-10
47.3887960971766	6.82979281461139e-10
47.8277201772749	6.28701593062831e-10
48.2707096560320	5.78637591910066e-10
48.7178021879464	5.32468328770706e-10
49.1690357762803	4.89898342151919e-10
49.6244487762893	4.50653980006520e-10
50.0840798984822	4.14481837420239e-10
50.5479682119124	3.81147302559260e-10
51.0161531474984	3.50433203651007e-10
51.4886745013750	3.22138550232943e-10
51.9655724382767	2.96077362338375e-10
52.4468874949512	2.72077581696207e-10
52.9326605836056	2.49980059404373e-10
53.4229329953837	2.29637614895729e-10
53.9177464038751	2.10914161351881e-10
54.4171428686589	1.93683893037154e-10
54.9211648388780	1.77830530320505e-10
55.4298551568468	1.63246618431819e-10
55.9432570616939	1.49832876258784e-10
56.4614141930367	1.37497591735241e-10
56.9843705946915	1.26156060599964e-10
57.5121707184162	1.15730065519558e-10
58.0448594276898	1.06147392769168e-10
58.5824820015254	9.73413838529352e-11
59.1250841383189	8.92505196214298e-11
59.6727119597332	8.18180346080557e-11
60.2254120146193	7.49915594600923e-11
60.7832312829724	6.87227894839156e-11
61.3462171799251	6.29671774585316e-11
61.9144175597785	5.76836489973499e-11
62.4878807200689	5.28343388556441e-11
63.0666554056742	4.83843466909871e-11
63.6507908129558	4.43015108866010e-11
64.2403365939420	4.05561991434315e-11
64.8353428605473	3.71211146362337e-11
65.4358601888324	3.39711166124809e-11
66.0419396233032	3.10830543909995e-11
66.6536326812492	2.84356137898815e-11
67.2709913571235	2.60091750812426e-11
67.8940681269612	2.37856816336087e-11
68.5229159528407	2.17485184618620e-11
69.1575882873852	1.98823999596435e-11
69.7981390783068	1.81732661404876e-11
70.4446227729905	1.66081867617481e-11
71.0970943231245	1.51752727499189e-11
71.7556091893693	1.38635943874559e-11
72.4202233460732	1.26631057598508e-11
73.0909932860293	1.15645749976705e-11
73.7679760252774	1.05595198817595e-11
74.4512291079516	9.64014841096578e-12
75.1408106111698	8.79930396074831e-12
75.8367791499720	8.03041468798376e-12
76.5391938823016	7.32744686235954e-12
77.2481145140342	6.68486182808026e-12
77.9636013040524	6.09757632126021e-12
78.6857150693686	5.56092588854314e-12
79.4145171902934	5.07063117118183e-12
80.1500696156543	4.62276683621647e-12
80.8924348680595	4.21373295251632e-12
81.6416760492147	3.84022862445890e-12
82.3978568452854	3.49922770992173e-12
83.1610415323097	3.18795646218962e-12
83.9312949816638	2.90387294735997e-12
84.7086826655741	2.64464809994609e-12
85.4932706626839	2.40814828969240e-12
86.2851256636691	2.19241928217861e-12
87.0843149769073	1.99567148465314e-12
87.8909065341995	1.81626637675254e-12
88.7049688965443	1.65270403337747e-12
89.5265712599641	1.50361165405597e-12
90.3557834613894	1.36773301964788e-12
91.1926759845930	1.24391880330652e-12
92.0373199661823	1.13111766821017e-12
92.8897872016452	1.02836808976227e-12
93.7501501514529	9.34790844761783e-13
94.6184819472201	8.49582114482052e-13
95.4948563979198	7.72007152708174e-13
96.3793479961580	7.01394473578953e-13
97.2720319245055	6.37130517595123e-13
98.1729840618886	5.78654757401987e-13
99.0822809900380	5.25455207956217e-13
100	4.77064308460777e-13