age(kyr) mean(permil) sigma(permil)
0.000000 3.225772 0.224455
0.100000 3.284927 0.130459
0.200000 3.288729 0.109387
0.300000 3.286914 0.103388
0.400000 3.269216 0.095925
0.500000 3.266288 0.093915
0.600000 3.259468 0.093624
0.700000 3.252192 0.092960
0.800000 3.250498 0.094338
0.900000 3.249266 0.095883
1.000000 3.245756 0.097408
1.100000 3.240619 0.096545
1.200000 3.237050 0.095099
1.300000 3.235764 0.093636
1.400000 3.235726 0.092961
1.500000 3.235704 0.093639
1.600000 3.236448 0.094573
1.700000 3.237268 0.095268
1.800000 3.238177 0.095403
1.900000 3.240462 0.095416
2.000000 3.241918 0.095859
2.100000 3.241291 0.098264
2.200000 3.238858 0.099404
2.300000 3.234746 0.101346
2.400000 3.230856 0.102728
2.500000 3.226398 0.104756
2.600000 3.223252 0.105058
2.700000 3.220286 0.105222
2.800000 3.217370 0.105065
2.900000 3.215132 0.105161
3.000000 3.212568 0.104846
3.100000 3.208097 0.104370
3.200000 3.203941 0.103957
3.300000 3.200530 0.103545
3.400000 3.198847 0.104212
3.500000 3.195645 0.104360
3.600000 3.192667 0.104014
3.700000 3.193704 0.105017
3.800000 3.190787 0.105100
3.900000 3.191580 0.106243
4.000000 3.191625 0.105766
4.100000 3.194928 0.105248
4.200000 3.198604 0.104565
4.300000 3.201969 0.103863
4.400000 3.204277 0.103043
4.500000 3.206414 0.103895
4.600000 3.207114 0.104059
4.700000 3.209932 0.104261
4.800000 3.214391 0.105277
4.900000 3.220918 0.106201
5.000000 3.226505 0.105382
5.100000 3.231359 0.104113
5.200000 3.234530 0.103050
5.300000 3.235550 0.102629
5.400000 3.235549 0.102307
5.500000 3.234558 0.102698
5.600000 3.233064 0.103162
5.700000 3.231490 0.103450
5.800000 3.229779 0.103638
5.900000 3.228679 0.103595
6.000000 3.227312 0.103225
6.100000 3.226130 0.102907
6.200000 3.226294 0.102909
6.300000 3.228453 0.103096
6.400000 3.232766 0.103690
6.500000 3.239098 0.104305
6.600000 3.246195 0.104597
6.700000 3.254024 0.105269
6.800000 3.261882 0.105001
6.900000 3.269994 0.104325
7.000000 3.277958 0.103877
7.100000 3.285540 0.102759
7.200000 3.292332 0.101808
7.300000 3.298039 0.101180
7.400000 3.302728 0.100529
7.500000 3.306874 0.100385
7.600000 3.310019 0.099963
7.700000 3.312199 0.100508
7.800000 3.314387 0.101056
7.900000 3.317462 0.101731
8.000000 3.322292 0.103211
8.100000 3.328663 0.104858
8.200000 3.336750 0.106151
8.300000 3.346231 0.106578
8.400000 3.355792 0.105931
8.500000 3.364627 0.104811
8.600000 3.371714 0.104041
8.700000 3.377807 0.103458
8.800000 3.383513 0.102889
8.900000 3.390046 0.102962
9.000000 3.396809 0.103210
9.100000 3.403801 0.103342
9.200000 3.412808 0.104794
9.300000 3.424072 0.106815
9.400000 3.437941 0.108810
9.500000 3.453294 0.110375
9.600000 3.467049 0.109154
9.700000 3.480906 0.107893
9.800000 3.491740 0.106589
9.900000 3.498579 0.105153
10.000000 3.503020 0.103788
10.100000 3.509598 0.103606
10.200000 3.520728 0.105119
10.300000 3.536647 0.107222
10.400000 3.555137 0.109087
10.500000 3.574658 0.109845
10.600000 3.593848 0.109121
10.700000 3.612242 0.107331
10.800000 3.629545 0.105401
10.900000 3.644356 0.104371
11.000000 3.657206 0.104350
11.100000 3.667515 0.107389
11.200000 3.681233 0.110424
11.300000 3.698530 0.112434
11.400000 3.719590 0.114473
11.500000 3.743194 0.115964
11.600000 3.767928 0.116353
11.700000 3.793540 0.115593
11.800000 3.819643 0.113880
11.900000 3.845226 0.111938
12.000000 3.869303 0.109984
12.100000 3.892361 0.108368
12.200000 3.914820 0.107124
12.300000 3.934415 0.106280
12.400000 3.949930 0.105934
12.500000 3.963191 0.105992
12.600000 3.975243 0.106219
12.700000 3.986374 0.106712
12.800000 3.996171 0.107320
12.900000 4.005479 0.107871
13.000000 4.014980 0.107672
13.100000 4.024312 0.106878
13.200000 4.034128 0.105917
13.300000 4.047230 0.104279
13.400000 4.061359 0.102246
13.500000 4.075047 0.101082
13.600000 4.087514 0.100348
13.700000 4.099007 0.099769
13.800000 4.112267 0.100358
13.900000 4.128289 0.101818
14.000000 4.144543 0.102495
14.100000 4.161575 0.102687
14.200000 4.179287 0.102781
14.300000 4.197503 0.103401
14.400000 4.218311 0.104855
14.500000 4.241723 0.106556
14.600000 4.264567 0.107855
14.700000 4.286676 0.108697
14.800000 4.308429 0.109198
14.900000 4.329435 0.109114
15.000000 4.349286 0.108725
15.100000 4.368825 0.107317
15.200000 4.389198 0.106593
15.300000 4.412096 0.106410
15.400000 4.435156 0.106721
15.500000 4.459544 0.107734
15.600000 4.486009 0.108850
15.700000 4.512892 0.109770
15.800000 4.539151 0.110275
15.900000 4.563790 0.110732
16.000000 4.588142 0.111078
16.100000 4.616387 0.111777
16.200000 4.649399 0.112098
16.300000 4.683390 0.112169
16.400000 4.716139 0.111743
16.500000 4.745882 0.110697
16.600000 4.770829 0.109284
16.700000 4.792239 0.108559
16.800000 4.813735 0.108044
16.900000 4.836704 0.106844
17.000000 4.860822 0.104905
17.100000 4.881295 0.103260
17.200000 4.897276 0.102370
17.300000 4.912302 0.102601
17.400000 4.923918 0.102926
17.500000 4.931816 0.103122
17.600000 4.938450 0.103288
17.700000 4.944964 0.103282
17.800000 4.952852 0.102944
17.900000 4.961411 0.102311
18.000000 4.970289 0.101664
18.100000 4.977503 0.101436
18.200000 4.982075 0.101004
18.300000 4.986532 0.100462
18.400000 4.992055 0.100278
18.500000 4.996683 0.100048
18.600000 4.999513 0.099836
18.700000 5.000251 0.099688
18.800000 5.003245 0.099551
18.900000 5.006948 0.099251
19.000000 5.007164 0.098968
19.100000 5.006151 0.098880
19.200000 5.005305 0.099554
19.300000 5.004594 0.100476
19.400000 5.002151 0.101485
19.500000 4.999032 0.102531
19.600000 4.997943 0.103430
19.700000 4.998750 0.104095
19.800000 4.999256 0.104275
19.900000 4.998378 0.104234
20.000000 4.996708 0.104036
20.100000 4.994243 0.104082
20.200000 4.991272 0.104422
20.300000 4.988117 0.104894
20.400000 4.985220 0.105510
20.500000 4.982419 0.105951
20.600000 4.979496 0.106188
20.700000 4.977011 0.106094
20.800000 4.974610 0.105694
20.900000 4.972210 0.105131
21.000000 4.969906 0.104425
21.100000 4.967041 0.103731
21.200000 4.963481 0.103349
21.300000 4.959511 0.103256
21.400000 4.955090 0.103124
21.500000 4.951114 0.103129
21.600000 4.946789 0.103322
21.700000 4.941773 0.103472
21.800000 4.935032 0.103719
21.900000 4.927709 0.103875
22.000000 4.920411 0.104134
22.100000 4.913301 0.104260
22.200000 4.905893 0.104343
22.300000 4.896493 0.104620
22.400000 4.885894 0.104618
22.500000 4.875086 0.104472
22.600000 4.866331 0.104077
22.700000 4.859365 0.103472
22.800000 4.853116 0.102673
22.900000 4.847778 0.102117
23.000000 4.842937 0.101567
23.100000 4.838149 0.101075
23.200000 4.835484 0.101261
23.300000 4.832736 0.101579
23.400000 4.832007 0.101388
23.500000 4.829414 0.101034
23.600000 4.825988 0.100593
23.700000 4.825433 0.100112
23.800000 4.826298 0.100472
23.900000 4.825352 0.101154
24.000000 4.825738 0.101625
24.100000 4.828434 0.101735
24.200000 4.831508 0.101653
24.300000 4.833114 0.101547
24.400000 4.833849 0.101473
24.500000 4.832783 0.101413
24.600000 4.830060 0.101215
24.700000 4.826189 0.101093
24.800000 4.821366 0.100889
24.900000 4.816021 0.100934
25.000000 4.811013 0.101042
25.100000 4.807975 0.101564
25.200000 4.807389 0.102380
25.300000 4.806870 0.103044
25.400000 4.805783 0.103646
25.500000 4.804848 0.104456
25.600000 4.802793 0.105213
25.700000 4.799689 0.105682
25.800000 4.796500 0.105992
25.900000 4.792633 0.106275
26.000000 4.788984 0.106616
26.100000 4.786040 0.106779
26.200000 4.782544 0.107565
26.300000 4.779134 0.108230
26.400000 4.777949 0.107978
26.500000 4.777685 0.107509
26.600000 4.775496 0.107253
26.700000 4.771441 0.107370
26.800000 4.764983 0.107668
26.900000 4.756577 0.107710
27.000000 4.747574 0.107940
27.100000 4.738865 0.108237
27.200000 4.729981 0.109103
27.300000 4.721164 0.109852
27.400000 4.712487 0.110220
27.500000 4.704016 0.110142
27.600000 4.695701 0.109337
27.700000 4.687828 0.108337
27.800000 4.681002 0.107407
27.900000 4.674420 0.106604
28.000000 4.668350 0.105910
28.100000 4.662931 0.105467
28.200000 4.658261 0.104975
28.300000 4.652529 0.104548
28.400000 4.644874 0.103613
28.500000 4.637562 0.103008
28.600000 4.631026 0.102654
28.700000 4.625164 0.102551
28.800000 4.620538 0.102348
28.900000 4.616958 0.102277
29.000000 4.614103 0.102223
29.100000 4.612722 0.102076
29.200000 4.612481 0.101972
29.300000 4.613947 0.101830
29.400000 4.618690 0.101822
29.500000 4.625688 0.101746
29.600000 4.634434 0.101572
29.700000 4.643228 0.101244
29.800000 4.652216 0.101420
29.900000 4.659534 0.101671
30.000000 4.665178 0.101706
30.100000 4.670174 0.101382
30.200000 4.673153 0.100792
30.300000 4.673521 0.100214
30.400000 4.672369 0.099509
30.500000 4.670097 0.098853
30.600000 4.668827 0.098198
30.700000 4.667245 0.097781
30.800000 4.664308 0.097814
30.900000 4.660974 0.098226
31.000000 4.657868 0.098546
31.100000 4.653375 0.099593
31.200000 4.648655 0.101123
31.300000 4.644654 0.102816
31.400000 4.641658 0.104022
31.500000 4.639357 0.104608
31.600000 4.636162 0.105103
31.700000 4.634325 0.105061
31.800000 4.633011 0.105083
31.900000 4.631082 0.105193
32.000000 4.627240 0.105577
32.100000 4.622590 0.105769
32.200000 4.618187 0.105445
32.300000 4.614321 0.104944
32.400000 4.610657 0.104203
32.500000 4.606940 0.103206
32.600000 4.604092 0.102727
32.700000 4.602180 0.102036
32.800000 4.602537 0.102094
32.900000 4.603990 0.102193
33.000000 4.606709 0.102588
33.100000 4.610075 0.103191
33.200000 4.612255 0.103295
33.300000 4.611622 0.104853
33.400000 4.607606 0.105493
33.500000 4.601592 0.106825
33.600000 4.595852 0.107091
33.700000 4.588987 0.107906
33.800000 4.580369 0.108567
33.900000 4.570802 0.108674
34.000000 4.562342 0.108068
34.100000 4.554876 0.107725
34.200000 4.547895 0.106668
34.300000 4.542019 0.104912
34.400000 4.538224 0.103418
34.500000 4.535739 0.102433
34.600000 4.534378 0.101535
34.700000 4.536543 0.101429
34.800000 4.539395 0.100932
34.900000 4.541450 0.102294
35.000000 4.545615 0.103313
35.100000 4.548614 0.104264
35.200000 4.547104 0.103894
35.300000 4.539881 0.103562
35.400000 4.529356 0.102828
35.500000 4.514803 0.102615
35.600000 4.501665 0.102152
35.700000 4.491499 0.102443
35.800000 4.483908 0.103322
35.900000 4.476379 0.104418
36.000000 4.468613 0.105688
36.100000 4.461111 0.106304
36.200000 4.454187 0.106687
36.300000 4.445782 0.106941
36.400000 4.434533 0.106921
36.500000 4.420871 0.106647
36.600000 4.407900 0.106217
36.700000 4.395961 0.105855
36.800000 4.385308 0.105761
36.900000 4.374953 0.105741
37.000000 4.364414 0.105627
37.100000 4.353973 0.104814
37.200000 4.345756 0.103731
37.300000 4.341934 0.102663
37.400000 4.342622 0.102147
37.500000 4.346727 0.102119
37.600000 4.353772 0.102665
37.700000 4.364422 0.103733
37.800000 4.378090 0.105214
37.900000 4.393224 0.106130
38.000000 4.408970 0.106682
38.100000 4.425009 0.107200
38.200000 4.441193 0.107601
38.300000 4.457447 0.107515
38.400000 4.473434 0.106741
38.500000 4.488654 0.106009
38.600000 4.502837 0.105512
38.700000 4.515888 0.104920
38.800000 4.528499 0.103825
38.900000 4.540272 0.102304
39.000000 4.551116 0.101300
39.100000 4.560720 0.100299
39.200000 4.569382 0.098951
39.300000 4.577081 0.098608
39.400000 4.583763 0.098698
39.500000 4.589544 0.098460
39.600000 4.594414 0.097985
39.700000 4.599017 0.098445
39.800000 4.602908 0.099508
39.900000 4.604853 0.099346
40.000000 4.606113 0.099475
40.100000 4.606266 0.100113
40.200000 4.605924 0.100476
40.300000 4.606089 0.100715
40.400000 4.605809 0.100892
40.500000 4.604895 0.101042
40.600000 4.603490 0.101175
40.700000 4.601639 0.101526
40.800000 4.599980 0.101857
40.900000 4.598718 0.102138
41.000000 4.596960 0.102539
41.100000 4.594443 0.102734
41.200000 4.592351 0.102116
41.300000 4.590595 0.101364
41.400000 4.589296 0.100472
41.500000 4.589405 0.099107
41.600000 4.589523 0.098285
41.700000 4.590523 0.098311
41.800000 4.591537 0.098955
41.900000 4.594370 0.098953
42.000000 4.598049 0.099138
42.100000 4.602729 0.099095
42.200000 4.607066 0.099119
42.300000 4.611752 0.098811
42.400000 4.615891 0.098596
42.500000 4.618047 0.098943
42.600000 4.616347 0.099655
42.700000 4.610278 0.100762
42.800000 4.601482 0.101526
42.900000 4.591372 0.102072
43.000000 4.579876 0.103650
43.100000 4.568691 0.104643
43.200000 4.558556 0.104753
43.300000 4.549442 0.104824
43.400000 4.542437 0.104516
43.500000 4.536108 0.104536
43.600000 4.530954 0.104604
43.700000 4.526489 0.104379
43.800000 4.522871 0.103354
43.900000 4.520504 0.102143
44.000000 4.519903 0.101569
44.100000 4.520515 0.101274
44.200000 4.523067 0.100662
44.300000 4.526117 0.100063
44.400000 4.529826 0.099152
44.500000 4.532688 0.098284
44.600000 4.533705 0.097972
44.700000 4.532141 0.098201
44.800000 4.527021 0.098954
44.900000 4.519947 0.100181
45.000000 4.510503 0.101752
45.100000 4.497924 0.103339
45.200000 4.482771 0.105018
45.300000 4.467555 0.106160
45.400000 4.452504 0.107174
45.500000 4.437232 0.108320
45.600000 4.421327 0.109815
45.700000 4.404398 0.111209
45.800000 4.386575 0.111244
45.900000 4.369404 0.110315
46.000000 4.352194 0.109023
46.100000 4.336015 0.107464
46.200000 4.321370 0.105326
46.300000 4.309984 0.103018
46.400000 4.300334 0.100633
46.500000 4.291880 0.099056
46.600000 4.284711 0.097861
46.700000 4.279453 0.097086
46.800000 4.276429 0.096577
46.900000 4.276140 0.096475
47.000000 4.278262 0.096717
47.100000 4.283143 0.097255
47.200000 4.290886 0.098397
47.300000 4.301177 0.099104
47.400000 4.313937 0.100542
47.500000 4.329345 0.102433
47.600000 4.347780 0.105909
47.700000 4.368058 0.109448
47.800000 4.389436 0.111662
47.900000 4.410399 0.112760
48.000000 4.428817 0.112392
48.100000 4.446488 0.111343
48.200000 4.463268 0.110112
48.300000 4.479743 0.108132
48.400000 4.495519 0.106804
48.500000 4.510823 0.104948
48.600000 4.525599 0.104437
48.700000 4.536695 0.104453
48.800000 4.547072 0.103508
48.900000 4.556126 0.103546
49.000000 4.564725 0.103199
49.100000 4.574682 0.101968
49.200000 4.584567 0.099983
49.300000 4.592447 0.098476
49.400000 4.598314 0.096984
49.500000 4.599611 0.096739
49.600000 4.598544 0.096170
49.700000 4.595596 0.095174
49.800000 4.590359 0.094113
49.900000 4.584056 0.093606
50.000000 4.578969 0.092782
50.100000 4.574749 0.093168
50.200000 4.572938 0.093161
50.300000 4.574133 0.093486
50.400000 4.576411 0.094305
50.500000 4.579054 0.095065
50.600000 4.579335 0.096361
50.700000 4.578146 0.098366
50.800000 4.574855 0.100046
50.900000 4.569507 0.100636
51.000000 4.561321 0.100608
51.100000 4.551322 0.100756
51.200000 4.541040 0.099651
51.300000 4.531418 0.097876
51.400000 4.523176 0.096165
51.500000 4.514718 0.095657
51.600000 4.506097 0.095836
51.700000 4.499556 0.095911
51.800000 4.492237 0.096332
51.900000 4.481623 0.097083
52.000000 4.468947 0.098079
52.100000 4.455998 0.099070
52.200000 4.445946 0.099602
52.300000 4.437143 0.099506
52.400000 4.428658 0.098885
52.500000 4.419877 0.098309
52.600000 4.409114 0.097470
52.700000 4.397942 0.096941
52.800000 4.387184 0.096260
52.900000 4.376514 0.095563
53.000000 4.367497 0.094807
53.100000 4.359598 0.094563
53.200000 4.353626 0.094599
53.300000 4.346438 0.095354
53.400000 4.340096 0.095951
53.500000 4.334552 0.096494
53.600000 4.329699 0.097168
53.700000 4.324821 0.098607
53.800000 4.320921 0.100151
53.900000 4.319149 0.101541
54.000000 4.318841 0.102472
54.100000 4.318738 0.103339
54.200000 4.319452 0.104052
54.300000 4.321538 0.104406
54.400000 4.326666 0.104422
54.500000 4.335084 0.104632
54.600000 4.346736 0.105556
54.700000 4.359686 0.107297
54.800000 4.371185 0.108985
54.900000 4.382071 0.110427
55.000000 4.393323 0.110691
55.100000 4.402538 0.109790
55.200000 4.410268 0.108197
55.300000 4.418286 0.105448
55.400000 4.426880 0.103111
55.500000 4.435096 0.100774
55.600000 4.439515 0.099258
55.700000 4.442356 0.098248
55.800000 4.443607 0.097918
55.900000 4.444904 0.098254
56.000000 4.446309 0.098680
56.100000 4.446820 0.097965
56.200000 4.447077 0.096994
56.300000 4.447807 0.096570
56.400000 4.447391 0.095617
56.500000 4.446756 0.094730
56.600000 4.445514 0.094574
56.700000 4.443857 0.094711
56.800000 4.440560 0.095081
56.900000 4.436184 0.096243
57.000000 4.430634 0.097185
57.100000 4.423541 0.097196
57.200000 4.416776 0.097823
57.300000 4.411370 0.099061
57.400000 4.404654 0.100633
57.500000 4.396613 0.100416
57.600000 4.389428 0.100489
57.700000 4.383071 0.101062
57.800000 4.376403 0.101980
57.900000 4.368808 0.103494
58.000000 4.361876 0.108149
58.100000 4.352350 0.109844
58.200000 4.341189 0.112808
58.300000 4.329294 0.114474
58.400000 4.317763 0.114218
58.500000 4.306973 0.114439
58.600000 4.294615 0.115639
58.700000 4.280984 0.115008
58.800000 4.268621 0.113144
58.900000 4.258656 0.110083
59.000000 4.250444 0.108017
59.100000 4.242501 0.106970
59.200000 4.236837 0.107081
59.300000 4.238052 0.103876
59.400000 4.246036 0.101102
59.500000 4.255654 0.097429
59.600000 4.264454 0.096509
59.700000 4.272543 0.098976
59.800000 4.283215 0.098494
59.900000 4.295551 0.098164
60.000000 4.308452 0.096771
60.100000 4.319321 0.095617
60.200000 4.328272 0.095510
60.300000 4.334062 0.095319
60.400000 4.339332 0.094969
60.500000 4.344044 0.094705
60.600000 4.351087 0.096257
60.700000 4.358914 0.098280
60.800000 4.368746 0.100286
60.900000 4.379327 0.101428
61.000000 4.392265 0.100598
61.100000 4.404676 0.099025
61.200000 4.415914 0.097443
61.300000 4.425534 0.096209
61.400000 4.433441 0.094538
61.500000 4.440173 0.092314
61.600000 4.445006 0.091751
61.700000 4.449086 0.094226
61.800000 4.453389 0.095072
61.900000 4.458207 0.095044
62.000000 4.465273 0.097454
62.100000 4.475797 0.101567
62.200000 4.488448 0.105504
62.300000 4.502578 0.109108
62.400000 4.518414 0.111226
62.500000 4.536757 0.111484
62.600000 4.557685 0.110031
62.700000 4.576903 0.106645
62.800000 4.593021 0.101699
62.900000 4.606109 0.098284
63.000000 4.617412 0.097219
63.100000 4.626442 0.096007
63.200000 4.633983 0.095967
63.300000 4.640000 0.094635
63.400000 4.645792 0.093918
63.500000 4.653141 0.094995
63.600000 4.660332 0.094922
63.700000 4.668193 0.095533
63.800000 4.675555 0.095725
63.900000 4.679897 0.095318
64.000000 4.682766 0.094829
64.100000 4.685665 0.093272
64.200000 4.688605 0.091826
64.300000 4.690004 0.091675
64.400000 4.688720 0.091572
64.500000 4.684856 0.092212
64.600000 4.678578 0.094348
64.700000 4.672310 0.095509
64.800000 4.665935 0.095874
64.900000 4.659259 0.096067
65.000000 4.652199 0.096720
65.100000 4.644903 0.097792
65.200000 4.637584 0.097124
65.300000 4.630496 0.096705
65.400000 4.625998 0.097986
65.500000 4.624303 0.098726
65.600000 4.625213 0.100410
65.700000 4.629400 0.104048
65.800000 4.635024 0.106847
65.900000 4.640726 0.108304
66.000000 4.646046 0.109478
66.100000 4.649098 0.109280
66.200000 4.651075 0.108609
66.300000 4.651248 0.107789
66.400000 4.647294 0.107121
66.500000 4.641982 0.105796
66.600000 4.636784 0.103387
66.700000 4.631876 0.100887
66.800000 4.628069 0.098942
66.900000 4.625314 0.097060
67.000000 4.623214 0.095913
67.100000 4.622288 0.094975
67.200000 4.622395 0.093914
67.300000 4.623117 0.092889
67.400000 4.624178 0.092142
67.500000 4.624818 0.091950
67.600000 4.625447 0.092032
67.700000 4.624838 0.092464
67.800000 4.622941 0.092971
67.900000 4.618543 0.093923
68.000000 4.612400 0.094710
68.100000 4.605175 0.094904
68.200000 4.597017 0.095525
68.300000 4.589423 0.095137
68.400000 4.582308 0.094770
68.500000 4.575646 0.095107
68.600000 4.569764 0.094300
68.700000 4.564035 0.093258
68.800000 4.556153 0.094495
68.900000 4.547219 0.095456
69.000000 4.535617 0.097597
69.100000 4.522969 0.099610
69.200000 4.509578 0.100519
69.300000 4.495878 0.099642
69.400000 4.481340 0.099250
69.500000 4.465946 0.099733
69.600000 4.453316 0.101295
69.700000 4.439794 0.102760
69.800000 4.421954 0.105183
69.900000 4.400813 0.109217
70.000000 4.377926 0.114217
70.100000 4.354003 0.119847
70.200000 4.325231 0.125322
70.300000 4.290214 0.127401
70.400000 4.243960 0.127221
70.500000 4.192295 0.123259
70.600000 4.148395 0.117463
70.700000 4.118541 0.111036
70.800000 4.100577 0.102082
70.900000 4.092174 0.097629
71.000000 4.089505 0.093532
71.100000 4.087804 0.092201
71.200000 4.083897 0.092294
71.300000 4.078076 0.094580
71.400000 4.072958 0.097437
71.500000 4.069183 0.099869
71.600000 4.064510 0.101721
71.700000 4.066890 0.105159
71.800000 4.083563 0.107955
71.900000 4.108954 0.110100
72.000000 4.139077 0.109223
72.100000 4.169594 0.107792
72.200000 4.201030 0.108194
72.300000 4.234389 0.111462
72.400000 4.271044 0.112923
72.500000 4.304836 0.108599
72.600000 4.334667 0.100306
72.700000 4.352491 0.094261
72.800000 4.359020 0.091864
72.900000 4.358150 0.091950
73.000000 4.353885 0.092051
73.100000 4.346361 0.092770
73.200000 4.341096 0.094586
73.300000 4.334448 0.098341
73.400000 4.322904 0.103135
73.500000 4.304642 0.106052
73.600000 4.281315 0.104928
73.700000 4.260858 0.100917
73.800000 4.245169 0.095091
73.900000 4.237051 0.091604
74.000000 4.233081 0.089322
74.100000 4.228776 0.089852
74.200000 4.223132 0.092258
74.300000 4.212749 0.095743
74.400000 4.195522 0.099744
74.500000 4.170753 0.104413
74.600000 4.138373 0.108906
74.700000 4.101972 0.111927
74.800000 4.062014 0.115107
74.900000 4.019515 0.117978
75.000000 3.977019 0.119809
75.100000 3.935473 0.119463
75.200000 3.899225 0.117087
75.300000 3.871846 0.110769
75.400000 3.854851 0.103592
75.500000 3.848141 0.098392
75.600000 3.849755 0.095673
75.700000 3.856236 0.095262
75.800000 3.863708 0.095221
75.900000 3.871136 0.094579
76.000000 3.879402 0.094017
76.100000 3.888046 0.094792
76.200000 3.897477 0.095807
76.300000 3.907722 0.096891
76.400000 3.919202 0.098601
76.500000 3.931492 0.099357
76.600000 3.944117 0.099350
76.700000 3.956017 0.099043
76.800000 3.968636 0.099162
76.900000 3.980686 0.099034
77.000000 3.993662 0.098439
77.100000 4.008978 0.098452
77.200000 4.026859 0.099903
77.300000 4.046404 0.101506
77.400000 4.066732 0.101813
77.500000 4.084669 0.100123
77.600000 4.098421 0.098332
77.700000 4.110107 0.097580
77.800000 4.119618 0.095842
77.900000 4.125604 0.095020
78.000000 4.128818 0.093266
78.100000 4.130879 0.092439
78.200000 4.131195 0.092005
78.300000 4.130340 0.092458
78.400000 4.127518 0.092179
78.500000 4.122969 0.092498
78.600000 4.116724 0.093087
78.700000 4.109917 0.095161
78.800000 4.101906 0.097358
78.900000 4.091550 0.099100
79.000000 4.079886 0.100719
79.100000 4.069665 0.101877
79.200000 4.060549 0.102842
79.300000 4.054040 0.102637
79.400000 4.047219 0.103458
79.500000 4.040225 0.104887
79.600000 4.035299 0.106372
79.700000 4.034954 0.107504
79.800000 4.035286 0.107523
79.900000 4.034198 0.109409
80.000000 4.031680 0.112209
80.100000 4.027342 0.114197
80.200000 4.018845 0.113516
80.300000 4.008393 0.114320
80.400000 3.993174 0.111823
80.500000 3.978361 0.108750
80.600000 3.963569 0.104063
80.700000 3.950175 0.098696
80.800000 3.939465 0.097255
80.900000 3.930228 0.098347
81.000000 3.920909 0.099129
81.100000 3.910896 0.101097
81.200000 3.899791 0.103106
81.300000 3.886507 0.106641
81.400000 3.869859 0.109963
81.500000 3.851757 0.111227
81.600000 3.830683 0.109042
81.700000 3.808303 0.103562
81.800000 3.793057 0.098838
81.900000 3.788271 0.097506
82.000000 3.789442 0.097836
82.100000 3.792786 0.097637
82.200000 3.795531 0.097723
82.300000 3.794134 0.096828
82.400000 3.790552 0.096179
82.500000 3.783647 0.095082
82.600000 3.775934 0.093323
82.700000 3.768879 0.093006
82.800000 3.762969 0.094052
82.900000 3.757283 0.094136
83.000000 3.750845 0.094280
83.100000 3.742510 0.094133
83.200000 3.734844 0.094098
83.300000 3.730075 0.094388
83.400000 3.724026 0.093589
83.500000 3.716715 0.093887
83.600000 3.708676 0.095910
83.700000 3.699084 0.098748
83.800000 3.687582 0.100852
83.900000 3.675128 0.103701
84.000000 3.663726 0.105554
84.100000 3.648439 0.104049
84.200000 3.632642 0.100826
84.300000 3.618511 0.097101
84.400000 3.609501 0.094301
84.500000 3.607514 0.093410
84.600000 3.607050 0.091986
84.700000 3.606136 0.091029
84.800000 3.603915 0.091551
84.900000 3.602034 0.092316
85.000000 3.601517 0.094015
85.100000 3.604589 0.095917
85.200000 3.613462 0.097939
85.300000 3.628754 0.100499
85.400000 3.648822 0.102923
85.500000 3.671390 0.105243
85.600000 3.696915 0.108502
85.700000 3.722768 0.111819
85.800000 3.749226 0.115886
85.900000 3.774286 0.117522
86.000000 3.798546 0.117019
86.100000 3.822521 0.114007
86.200000 3.845045 0.109647
86.300000 3.865994 0.104208
86.400000 3.883888 0.098405
86.500000 3.898631 0.094770
86.600000 3.910423 0.094529
86.700000 3.922183 0.096872
86.800000 3.937323 0.101157
86.900000 3.956676 0.106486
87.000000 3.978010 0.110785
87.100000 4.000246 0.112936
87.200000 4.022465 0.114860
87.300000 4.041705 0.119130
87.400000 4.057270 0.125243
87.500000 4.070471 0.131050
87.600000 4.085988 0.132109
87.700000 4.105322 0.128729
87.800000 4.128552 0.122560
87.900000 4.153045 0.116672
88.000000 4.173687 0.111058
88.100000 4.192650 0.105924
88.200000 4.211398 0.101302
88.300000 4.224675 0.101035
88.400000 4.236151 0.102047
88.500000 4.247069 0.101900
88.600000 4.258064 0.100390
88.700000 4.268107 0.098071
88.800000 4.277535 0.095467
88.900000 4.282069 0.094045
89.000000 4.285075 0.092334
89.100000 4.286045 0.091877
89.200000 4.283424 0.094323
89.300000 4.276279 0.097464
89.400000 4.265788 0.101232
89.500000 4.252443 0.104407
89.600000 4.236612 0.107155
89.700000 4.221268 0.108173
89.800000 4.207547 0.106695
89.900000 4.197041 0.104109
90.000000 4.187864 0.100449
90.100000 4.177338 0.097926
90.200000 4.168136 0.099148
90.300000 4.159062 0.101482
90.400000 4.146028 0.105105
90.500000 4.128640 0.108971
90.600000 4.111193 0.111772
90.700000 4.093309 0.112900
90.800000 4.075497 0.111981
90.900000 4.058061 0.110498
91.000000 4.041442 0.106967
91.100000 4.027068 0.102537
91.200000 4.015910 0.098748
91.300000 4.008687 0.096923
91.400000 4.004393 0.096151
91.500000 4.003142 0.096504
91.600000 4.002799 0.097020
91.700000 4.002033 0.096496
91.800000 4.000704 0.095398
91.900000 4.000595 0.096117
92.000000 4.001101 0.096002
92.100000 3.999520 0.096028
92.200000 3.996227 0.095636
92.300000 3.991138 0.095598
92.400000 3.984717 0.095676
92.500000 3.980057 0.095501
92.600000 3.975066 0.097687
92.700000 3.970250 0.099605
92.800000 3.964508 0.100846
92.900000 3.959111 0.102584
93.000000 3.953214 0.104555
93.100000 3.947312 0.107152
93.200000 3.943174 0.109904
93.300000 3.939037 0.114790
93.400000 3.937004 0.118953
93.500000 3.939672 0.118951
93.600000 3.944806 0.115509
93.700000 3.949984 0.110278
93.800000 3.955179 0.105412
93.900000 3.959005 0.101596
94.000000 3.959260 0.100172
94.100000 3.956778 0.100513
94.200000 3.952939 0.099743
94.300000 3.948510 0.099691
94.400000 3.943450 0.099435
94.500000 3.937637 0.100190
94.600000 3.929283 0.100786
94.700000 3.921938 0.101454
94.800000 3.915180 0.101754
94.900000 3.907667 0.101433
95.000000 3.899212 0.101478
95.100000 3.890660 0.101848
95.200000 3.882932 0.101926
95.300000 3.874925 0.101248
95.400000 3.866413 0.101228
95.500000 3.858005 0.102111
95.600000 3.849495 0.104036
95.700000 3.840312 0.105227
95.800000 3.828990 0.105758
95.900000 3.815895 0.106476
96.000000 3.802164 0.106892
96.100000 3.787738 0.106324
96.200000 3.772746 0.104912
96.300000 3.758737 0.103103
96.400000 3.745312 0.101138
96.500000 3.732960 0.099426
96.600000 3.722473 0.098197
96.700000 3.714311 0.096308
96.800000 3.708295 0.095250
96.900000 3.704190 0.094961
97.000000 3.701718 0.094572
97.100000 3.699245 0.094475
97.200000 3.695526 0.094040
97.300000 3.692659 0.094248
97.400000 3.687403 0.094690
97.500000 3.682142 0.095215
97.600000 3.679097 0.095146
97.700000 3.679120 0.095246
97.800000 3.679850 0.096093
97.900000 3.681153 0.097004
98.000000 3.683463 0.097919
98.100000 3.688321 0.099330
98.200000 3.694500 0.099066
98.300000 3.702267 0.098138
98.400000 3.710832 0.097390
98.500000 3.718463 0.096617
98.600000 3.723978 0.096977
98.700000 3.729084 0.095707
98.800000 3.732735 0.094590
98.900000 3.734085 0.093713
99.000000 3.733166 0.092859
99.100000 3.731273 0.093895
99.200000 3.729774 0.093727
99.300000 3.729327 0.093291
99.400000 3.729789 0.093098
99.500000 3.731473 0.093891
99.600000 3.734402 0.094829
99.700000 3.738280 0.096533
99.800000 3.742921 0.098357
99.900000 3.747932 0.099447
100.000000 3.750647 0.098543
100.100000 3.752880 0.098987
100.200000 3.754627 0.100261
100.300000 3.754573 0.100549
100.400000 3.752868 0.100463
100.500000 3.746378 0.099576
100.600000 3.739829 0.099673
100.700000 3.736205 0.099167
100.800000 3.733851 0.099774
100.900000 3.731489 0.100471
101.000000 3.729561 0.100534
101.100000 3.727408 0.100624
101.200000 3.727844 0.102438
101.300000 3.728269 0.104442
101.400000 3.729796 0.105029
101.500000 3.733218 0.104829
101.600000 3.741430 0.104094
101.700000 3.752041 0.104867
101.800000 3.761091 0.106284
101.900000 3.768802 0.106030
102.000000 3.776516 0.104082
102.100000 3.781801 0.101223
102.200000 3.784190 0.100832
102.300000 3.781261 0.102928
102.400000 3.772322 0.105633
102.500000 3.760934 0.106361
102.600000 3.745519 0.106173
102.700000 3.727152 0.105659
102.800000 3.709612 0.104859
102.900000 3.693980 0.101788
103.000000 3.681760 0.098324
103.100000 3.675943 0.095701
103.200000 3.673249 0.093976
103.300000 3.674619 0.093781
103.400000 3.677660 0.094965
103.500000 3.681082 0.096900
103.600000 3.687731 0.099791
103.700000 3.702435 0.104832
103.800000 3.725496 0.110350
103.900000 3.757765 0.114298
104.000000 3.796690 0.116005
104.100000 3.836729 0.114873
104.200000 3.873121 0.111224
104.300000 3.904023 0.107230
104.400000 3.929206 0.103280
104.500000 3.949541 0.098183
104.600000 3.965163 0.095705
104.700000 3.977160 0.092203
104.800000 3.985585 0.089920
104.900000 3.991669 0.089447
105.000000 3.994743 0.088831
105.100000 3.996686 0.090192
105.200000 3.997568 0.091226
105.300000 3.996708 0.090835
105.400000 3.995627 0.091133
105.500000 3.994431 0.092278
105.600000 3.990355 0.091689
105.700000 3.986006 0.091876
105.800000 3.981349 0.092601
105.900000 3.976464 0.091972
106.000000 3.972628 0.090839
106.100000 3.969988 0.091045
106.200000 3.967371 0.090857
106.300000 3.964200 0.090608
106.400000 3.961458 0.089779
106.500000 3.957281 0.090345
106.600000 3.953541 0.090045
106.700000 3.948811 0.090713
106.800000 3.941582 0.094101
106.900000 3.931982 0.097487
107.000000 3.919908 0.101055
107.100000 3.906028 0.103504
107.200000 3.891129 0.105662
107.300000 3.874067 0.105398
107.400000 3.855825 0.103160
107.500000 3.842046 0.100298
107.600000 3.835071 0.098405
107.700000 3.833620 0.097458
107.800000 3.838463 0.098250
107.900000 3.845061 0.098668
108.000000 3.851626 0.098003
108.100000 3.859507 0.097213
108.200000 3.865910 0.096597
108.300000 3.873293 0.096848
108.400000 3.884402 0.099580
108.500000 3.899562 0.104609
108.600000 3.922712 0.109985
108.700000 3.951340 0.113320
108.800000 3.980217 0.114288
108.900000 4.009977 0.112829
109.000000 4.037755 0.111377
109.100000 4.063418 0.109645
109.200000 4.085820 0.108125
109.300000 4.105528 0.106773
109.400000 4.122194 0.104302
109.500000 4.136544 0.100851
109.600000 4.147204 0.097894
109.700000 4.152651 0.096863
109.800000 4.153263 0.095782
109.900000 4.151112 0.094593
110.000000 4.146710 0.093581
110.100000 4.142536 0.092577
110.200000 4.138967 0.092832
110.300000 4.134009 0.094477
110.400000 4.130495 0.097021
110.500000 4.126359 0.098317
110.600000 4.119347 0.100406
110.700000 4.110115 0.103692
110.800000 4.101347 0.105934
110.900000 4.091826 0.106039
111.000000 4.078859 0.105555
111.100000 4.066712 0.103718
111.200000 4.056400 0.101038
111.300000 4.045869 0.098886
111.400000 4.037151 0.097102
111.500000 4.029632 0.096236
111.600000 4.023275 0.096622
111.700000 4.015299 0.098307
111.800000 4.007202 0.099596
111.900000 3.998682 0.099571
112.000000 3.988309 0.099997
112.100000 3.975922 0.100793
112.200000 3.962878 0.101394
112.300000 3.950387 0.101732
112.400000 3.939403 0.101780
112.500000 3.929870 0.100937
112.600000 3.920799 0.099762
112.700000 3.911689 0.098945
112.800000 3.902294 0.099304
112.900000 3.892320 0.100961
113.000000 3.881164 0.103100
113.100000 3.868547 0.105350
113.200000 3.855950 0.106882
113.300000 3.843638 0.107274
113.400000 3.831127 0.106988
113.500000 3.820044 0.106718
113.600000 3.809460 0.106090
113.700000 3.799436 0.105024
113.800000 3.791288 0.104856
113.900000 3.784590 0.105444
114.000000 3.776289 0.106750
114.100000 3.766274 0.108902
114.200000 3.756245 0.108169
114.300000 3.748586 0.108784
114.400000 3.743619 0.108885
114.500000 3.740354 0.110479
114.600000 3.739749 0.114755
114.700000 3.739523 0.114831
114.800000 3.741177 0.116618
114.900000 3.744880 0.122157
115.000000 3.749636 0.126419
115.100000 3.751189 0.127842
115.200000 3.756154 0.131592
115.300000 3.757680 0.134191
115.400000 3.756078 0.137098
115.500000 3.751558 0.139760
115.600000 3.744273 0.142315
115.700000 3.736941 0.142257
115.800000 3.725898 0.141482
115.900000 3.714421 0.140605
116.000000 3.701898 0.138761
116.100000 3.690056 0.137451
116.200000 3.680841 0.134959
116.300000 3.672876 0.133897
116.400000 3.665872 0.131760
116.500000 3.659278 0.130789
116.600000 3.653521 0.128565
116.700000 3.647984 0.126471
116.800000 3.641552 0.126899
116.900000 3.634527 0.126478
117.000000 3.625658 0.127669
117.100000 3.615090 0.129066
117.200000 3.601880 0.131750
117.300000 3.585578 0.135494
117.400000 3.566770 0.139279
117.500000 3.545650 0.142471
117.600000 3.522571 0.144718
117.700000 3.499685 0.144892
117.800000 3.476359 0.143933
117.900000 3.455180 0.141709
118.000000 3.436448 0.138541
118.100000 3.419153 0.135286
118.200000 3.404364 0.132384
118.300000 3.392199 0.130283
118.400000 3.380597 0.128826
118.500000 3.370535 0.129013
118.600000 3.360251 0.129121
118.700000 3.349176 0.129495
118.800000 3.337218 0.129799
118.900000 3.325217 0.129616
119.000000 3.313392 0.128897
119.100000 3.302716 0.128363
119.200000 3.293461 0.128091
119.300000 3.285560 0.127809
119.400000 3.278659 0.127724
119.500000 3.271722 0.127590
119.600000 3.264272 0.127323
119.700000 3.256487 0.126894
119.800000 3.248669 0.127200
119.900000 3.240760 0.127469
120.000000 3.233108 0.127277
120.100000 3.226049 0.127141
120.200000 3.219795 0.126730
120.300000 3.214557 0.126375
120.400000 3.210146 0.126297
120.500000 3.206519 0.126058
120.600000 3.203560 0.125817
120.700000 3.201194 0.125907
120.800000 3.199363 0.126261
120.900000 3.197739 0.126355
121.000000 3.196095 0.126080
121.100000 3.193990 0.125740
121.200000 3.190742 0.126103
121.300000 3.185992 0.127009
121.400000 3.180256 0.127632
121.500000 3.173471 0.128161
121.600000 3.166315 0.128161
121.700000 3.157802 0.128459
121.800000 3.148628 0.128472
121.900000 3.139598 0.128417
122.000000 3.131067 0.128218
122.100000 3.124823 0.127863
122.200000 3.121504 0.127576
122.300000 3.121016 0.126969
122.400000 3.123200 0.126090
122.500000 3.125698 0.125114
122.600000 3.128352 0.124089
122.700000 3.130198 0.123652
122.800000 3.131377 0.123264
122.900000 3.131802 0.122447
123.000000 3.131865 0.121687
123.100000 3.131424 0.121631
123.200000 3.130035 0.122109
123.300000 3.128114 0.123275
123.400000 3.126082 0.123298
123.500000 3.123455 0.123104
123.600000 3.120119 0.123792
123.700000 3.116329 0.124748
123.800000 3.111895 0.125543
123.900000 3.107292 0.125560
124.000000 3.102525 0.125355
124.100000 3.097652 0.125215
124.200000 3.093021 0.125512
124.300000 3.088774 0.125164
124.400000 3.085027 0.125089
124.500000 3.081701 0.124993
124.600000 3.078502 0.125090
124.700000 3.075527 0.125251
124.800000 3.072805 0.125087
124.900000 3.070151 0.124821
125.000000 3.067830 0.124497
125.100000 3.065581 0.123991
125.200000 3.063630 0.122958
125.300000 3.062224 0.122131
125.400000 3.060873 0.121529
125.500000 3.059455 0.120845
125.600000 3.057882 0.120485
125.700000 3.055875 0.120764
125.800000 3.053591 0.120809
125.900000 3.051075 0.120607
126.000000 3.048425 0.120415
126.100000 3.045836 0.120747
126.200000 3.043736 0.121480
126.300000 3.041853 0.121935
126.400000 3.040427 0.122575
126.500000 3.038805 0.123219
126.600000 3.037261 0.123962
126.700000 3.035929 0.124713
126.800000 3.034570 0.125072
126.900000 3.032375 0.125227
127.000000 3.028671 0.125662
127.100000 3.024177 0.126144
127.200000 3.018893 0.126448
127.300000 3.013522 0.126393
127.400000 3.009945 0.126486
127.500000 3.009645 0.126683
127.600000 3.012955 0.126899
127.700000 3.020078 0.127532
127.800000 3.028804 0.128482
127.900000 3.038482 0.129409
128.000000 3.048962 0.130170
128.100000 3.061117 0.130800
128.200000 3.073867 0.131224
128.300000 3.085467 0.131397
128.400000 3.095774 0.130951
128.500000 3.104811 0.129715
128.600000 3.112438 0.128039
128.700000 3.118873 0.126836
128.800000 3.125079 0.125367
128.900000 3.132583 0.124397
129.000000 3.140926 0.123777
129.100000 3.149702 0.123666
129.200000 3.160430 0.123884
129.300000 3.173543 0.124975
129.400000 3.189802 0.126667
129.500000 3.209245 0.128741
129.600000 3.232111 0.131057
129.700000 3.257071 0.132715
129.800000 3.282614 0.133446
129.900000 3.308207 0.133751
130.000000 3.333879 0.133775
130.100000 3.359254 0.133342
130.200000 3.384135 0.131785
130.300000 3.406818 0.129422
130.400000 3.426971 0.126702
130.500000 3.444367 0.123934
130.600000 3.459028 0.121453
130.700000 3.471426 0.119428
130.800000 3.480995 0.118544
130.900000 3.488365 0.118143
131.000000 3.495597 0.117603
131.100000 3.501249 0.117258
131.200000 3.507498 0.116973
131.300000 3.518454 0.117740
131.400000 3.532799 0.118808
131.500000 3.549984 0.119148
131.600000 3.566431 0.118433
131.700000 3.581990 0.117627
131.800000 3.594908 0.118113
131.900000 3.606494 0.119766
132.000000 3.624091 0.122039
132.100000 3.647719 0.123680
132.200000 3.676514 0.123748
132.300000 3.707505 0.124607
132.400000 3.741947 0.125791
132.500000 3.778394 0.125400
132.600000 3.813838 0.122757
132.700000 3.844006 0.119724
132.800000 3.867854 0.117416
132.900000 3.887586 0.115274
133.000000 3.904113 0.113806
133.100000 3.919214 0.113089
133.200000 3.934664 0.113013
133.300000 3.954165 0.113916
133.400000 3.977762 0.114757
133.500000 4.000203 0.114313
133.600000 4.017284 0.113928
133.700000 4.030900 0.114977
133.800000 4.056774 0.117943
133.900000 4.095539 0.119821
134.000000 4.143680 0.120309
134.100000 4.193698 0.120689
134.200000 4.242605 0.120290
134.300000 4.286229 0.119185
134.400000 4.323691 0.118353
134.500000 4.354854 0.117923
134.600000 4.380242 0.117479
134.700000 4.399488 0.117447
134.800000 4.415565 0.117702
134.900000 4.431520 0.118473
135.000000 4.448951 0.119810
135.100000 4.469308 0.121053
135.200000 4.492471 0.122332
135.300000 4.516332 0.124035
135.400000 4.540848 0.125263
135.500000 4.566317 0.126860
135.600000 4.593224 0.128372
135.700000 4.621431 0.129862
135.800000 4.649639 0.131074
135.900000 4.677820 0.130979
136.000000 4.704975 0.129659
136.100000 4.730236 0.127152
136.200000 4.752726 0.124010
136.300000 4.772546 0.120982
136.400000 4.789397 0.119120
136.500000 4.805722 0.118698
136.600000 4.824140 0.119685
136.700000 4.844020 0.121456
136.800000 4.864438 0.122881
136.900000 4.884049 0.123420
137.000000 4.902833 0.122574
137.100000 4.920667 0.120920
137.200000 4.935585 0.118971
137.300000 4.946567 0.117306
137.400000 4.954319 0.115913
137.500000 4.959167 0.115101
137.600000 4.961888 0.114481
137.700000 4.960807 0.114502
137.800000 4.959085 0.114494
137.900000 4.955816 0.114433
138.000000 4.952128 0.114671
138.100000 4.949185 0.114422
138.200000 4.947438 0.114591
138.300000 4.945814 0.114543
138.400000 4.945600 0.114335
138.500000 4.945854 0.114084
138.600000 4.947448 0.114017
138.700000 4.951600 0.114597
138.800000 4.955979 0.114984
138.900000 4.959997 0.115361
139.000000 4.964720 0.115324
139.100000 4.970167 0.115114
139.200000 4.974415 0.115170
139.300000 4.975394 0.115200
139.400000 4.974632 0.115124
139.500000 4.973622 0.115182
139.600000 4.971343 0.115542
139.700000 4.968967 0.115785
139.800000 4.965263 0.116212
139.900000 4.961224 0.116300
140.000000 4.957394 0.116994
140.100000 4.954066 0.117600
140.200000 4.950665 0.118472
140.300000 4.946311 0.119381
140.400000 4.942533 0.120537
140.500000 4.937280 0.121568
140.600000 4.931622 0.122787
140.700000 4.926184 0.124239
140.800000 4.921482 0.124824
140.900000 4.917438 0.125263
141.000000 4.912693 0.125907
141.100000 4.905404 0.126151
141.200000 4.898264 0.125902
141.300000 4.895996 0.125480
141.400000 4.898922 0.125543
141.500000 4.904018 0.126277
141.600000 4.909095 0.126679
141.700000 4.916200 0.126313
141.800000 4.923010 0.125712
141.900000 4.929991 0.124527
142.000000 4.935043 0.123343
142.100000 4.939788 0.122663
142.200000 4.941884 0.122337
142.300000 4.942840 0.122125
142.400000 4.940434 0.122309
142.500000 4.935929 0.122212
142.600000 4.930355 0.122299
142.700000 4.926880 0.121966
142.800000 4.926152 0.121461
142.900000 4.924277 0.121261
143.000000 4.921619 0.121264
143.100000 4.918538 0.121555
143.200000 4.912622 0.122476
143.300000 4.905698 0.123681
143.400000 4.899625 0.125351
143.500000 4.894362 0.127106
143.600000 4.889361 0.129252
143.700000 4.882345 0.131082
143.800000 4.874337 0.132798
143.900000 4.865552 0.133900
144.000000 4.857568 0.134969
144.100000 4.849690 0.135900
144.200000 4.842019 0.136320
144.300000 4.834772 0.136554
144.400000 4.826945 0.136132
144.500000 4.819234 0.135125
144.600000 4.812495 0.133974
144.700000 4.806237 0.132924
144.800000 4.800887 0.132265
144.900000 4.796573 0.132091
145.000000 4.793106 0.132284
145.100000 4.789764 0.132555
145.200000 4.786621 0.133209
145.300000 4.783574 0.133877
145.400000 4.780775 0.134380
145.500000 4.778286 0.134974
145.600000 4.775949 0.135483
145.700000 4.773860 0.136086
145.800000 4.771867 0.136285
145.900000 4.769690 0.136473
146.000000 4.767364 0.136600
146.100000 4.764672 0.137043
146.200000 4.761659 0.137775
146.300000 4.758373 0.138264
146.400000 4.754894 0.138728
146.500000 4.752463 0.141963
146.600000 4.748494 0.142047
146.700000 4.744255 0.142397
146.800000 4.739607 0.142847
146.900000 4.735289 0.145727
147.000000 4.730298 0.148465
147.100000 4.724429 0.149168
147.200000 4.718773 0.151924
147.300000 4.713240 0.156516
147.400000 4.707971 0.164414
147.500000 4.701482 0.166061
147.600000 4.697354 0.173148
147.700000 4.692694 0.176133
147.800000 4.687486 0.175506
147.900000 4.683762 0.179806
148.000000 4.680981 0.183136
148.100000 4.679141 0.191815
148.200000 4.678884 0.202707
148.300000 4.677679 0.211549
148.400000 4.678114 0.221401
148.500000 4.676589 0.225795
148.600000 4.679725 0.236653
148.700000 4.682100 0.244652
148.800000 4.686737 0.256253
148.900000 4.690312 0.264843
149.000000 4.693632 0.272473
149.100000 4.709428 0.260700
149.200000 4.724558 0.246282
149.300000 4.739437 0.230744
149.400000 4.758536 0.216290
149.500000 4.773357 0.199615
149.600000 4.749557 0.224241
149.700000 4.725150 0.249852
149.800000 4.701327 0.277040
149.900000 4.675529 0.302803
150.000000 4.649763 0.328654