age(kyr) mean(permil) sigma(permil)
0.000000 3.256162 0.193032
0.100000 3.297497 0.105649
0.200000 3.296560 0.110035
0.300000 3.290942 0.109268
0.400000 3.278827 0.102063
0.500000 3.280078 0.101492
0.600000 3.270790 0.100419
0.700000 3.269479 0.101900
0.800000 3.272209 0.104435
0.900000 3.271049 0.106869
1.000000 3.266386 0.109006
1.100000 3.261320 0.108818
1.200000 3.257405 0.107162
1.300000 3.255613 0.106408
1.400000 3.254381 0.107232
1.500000 3.251397 0.107678
1.600000 3.250487 0.109439
1.700000 3.251768 0.110801
1.800000 3.254213 0.111052
1.900000 3.256783 0.110976
2.000000 3.258692 0.112083
2.100000 3.258961 0.113384
2.200000 3.256986 0.114489
2.300000 3.252796 0.115720
2.400000 3.247682 0.117406
2.500000 3.241111 0.118817
2.600000 3.235332 0.120361
2.700000 3.230902 0.120525
2.800000 3.225899 0.120490
2.900000 3.222194 0.119776
3.000000 3.219503 0.118505
3.100000 3.216357 0.118507
3.200000 3.213617 0.118815
3.300000 3.211896 0.118707
3.400000 3.207994 0.118378
3.500000 3.204195 0.118860
3.600000 3.200021 0.119616
3.700000 3.197887 0.121084
3.800000 3.196273 0.122513
3.900000 3.197260 0.123742
4.000000 3.198992 0.123602
4.100000 3.201587 0.123787
4.200000 3.207109 0.123544
4.300000 3.210818 0.122426
4.400000 3.215199 0.121398
4.500000 3.219305 0.121702
4.600000 3.223068 0.122935
4.700000 3.226820 0.123560
4.800000 3.230012 0.123651
4.900000 3.232848 0.123737
5.000000 3.235903 0.123476
5.100000 3.236353 0.120527
5.200000 3.237895 0.119351
5.300000 3.236810 0.117144
5.400000 3.235577 0.116286
5.500000 3.234231 0.115569
5.600000 3.233167 0.115555
5.700000 3.232221 0.115721
5.800000 3.231271 0.115247
5.900000 3.230925 0.115490
6.000000 3.231351 0.115323
6.100000 3.231995 0.114921
6.200000 3.233089 0.114722
6.300000 3.234814 0.114740
6.400000 3.237707 0.115127
6.500000 3.241494 0.115706
6.600000 3.246798 0.116309
6.700000 3.253282 0.116706
6.800000 3.260468 0.116693
6.900000 3.268613 0.116690
7.000000 3.276601 0.116386
7.100000 3.283977 0.115651
7.200000 3.290701 0.114836
7.300000 3.296871 0.114103
7.400000 3.302799 0.113723
7.500000 3.308080 0.113333
7.600000 3.312703 0.113033
7.700000 3.316426 0.113547
7.800000 3.319854 0.114920
7.900000 3.323440 0.116248
8.000000 3.327620 0.117196
8.100000 3.333534 0.118430
8.200000 3.341408 0.120022
8.300000 3.349520 0.120259
8.400000 3.357997 0.119368
8.500000 3.365481 0.117516
8.600000 3.371012 0.114183
8.700000 3.373675 0.110343
8.800000 3.374712 0.107677
8.900000 3.375678 0.105651
9.000000 3.376012 0.104315
9.100000 3.378014 0.104555
9.200000 3.381977 0.105221
9.300000 3.388018 0.106995
9.400000 3.396296 0.108898
9.500000 3.406669 0.110867
9.600000 3.418325 0.112203
9.700000 3.431997 0.114070
9.800000 3.445712 0.115265
9.900000 3.458677 0.115239
10.000000 3.470588 0.113957
10.100000 3.481787 0.111974
10.200000 3.494695 0.111559
10.300000 3.509628 0.111583
10.400000 3.525018 0.111905
10.500000 3.540365 0.113072
10.600000 3.554448 0.112433
10.700000 3.566729 0.110228
10.800000 3.576875 0.107002
10.900000 3.584750 0.103735
11.000000 3.589884 0.102839
11.100000 3.595579 0.103946
11.200000 3.604103 0.107332
11.300000 3.616826 0.110976
11.400000 3.637829 0.114771
11.500000 3.664583 0.118713
11.600000 3.694701 0.121618
11.700000 3.725799 0.123179
11.800000 3.756481 0.123364
11.900000 3.786469 0.122388
12.000000 3.816451 0.120917
12.100000 3.846355 0.119543
12.200000 3.875172 0.118052
12.300000 3.902466 0.116693
12.400000 3.928031 0.115296
12.500000 3.950819 0.114134
12.600000 3.971190 0.113327
12.700000 3.990232 0.112966
12.800000 4.007685 0.113888
12.900000 4.022440 0.115824
13.000000 4.035153 0.117039
13.100000 4.045434 0.117164
13.200000 4.053867 0.116937
13.300000 4.061299 0.116906
13.400000 4.070802 0.116557
13.500000 4.082587 0.114773
13.600000 4.095625 0.111947
13.700000 4.109720 0.109823
13.800000 4.124557 0.108823
13.900000 4.138293 0.108142
14.000000 4.150607 0.108163
14.100000 4.161892 0.108232
14.200000 4.173210 0.108471
14.300000 4.186099 0.109504
14.400000 4.202153 0.111396
14.500000 4.219825 0.113835
14.600000 4.238352 0.116109
14.700000 4.258511 0.118088
14.800000 4.280259 0.119306
14.900000 4.302656 0.120507
15.000000 4.325081 0.121255
15.100000 4.345963 0.120959
15.200000 4.365180 0.120322
15.300000 4.385992 0.119314
15.400000 4.409243 0.119173
15.500000 4.434095 0.120230
15.600000 4.459978 0.121306
15.700000 4.487663 0.122531
15.800000 4.515361 0.123737
15.900000 4.543457 0.124763
16.000000 4.576711 0.125619
16.100000 4.612884 0.126169
16.200000 4.650417 0.126169
16.300000 4.686056 0.125270
16.400000 4.718375 0.124420
16.500000 4.748068 0.123746
16.600000 4.775544 0.122618
16.700000 4.803186 0.121212
16.800000 4.831449 0.119604
16.900000 4.859079 0.117496
17.000000 4.885458 0.114964
17.100000 4.909703 0.112095
17.200000 4.931138 0.109051
17.300000 4.949163 0.106468
17.400000 4.962223 0.105081
17.500000 4.970737 0.104646
17.600000 4.976675 0.104685
17.700000 4.981194 0.104551
17.800000 4.985354 0.104127
17.900000 4.988485 0.103832
18.000000 4.990733 0.103779
18.100000 4.992434 0.104263
18.200000 4.994749 0.104625
18.300000 4.996548 0.105035
18.400000 4.997439 0.105590
18.500000 4.997601 0.106496
18.600000 4.998560 0.107546
18.700000 4.999917 0.108437
18.800000 5.002024 0.109181
18.900000 5.004715 0.109832
19.000000 5.006705 0.110302
19.100000 5.006963 0.110488
19.200000 5.006498 0.110488
19.300000 5.005308 0.111106
19.400000 5.003490 0.112461
19.500000 5.001238 0.113713
19.600000 4.999252 0.114720
19.700000 4.997424 0.115476
19.800000 4.996043 0.116024
19.900000 4.994695 0.116390
20.000000 4.992537 0.116943
20.100000 4.989134 0.117723
20.200000 4.985740 0.118475
20.300000 4.982661 0.119275
20.400000 4.979664 0.119856
20.500000 4.977451 0.119870
20.600000 4.975269 0.119676
20.700000 4.972953 0.119454
20.800000 4.969808 0.119403
20.900000 4.967003 0.119078
21.000000 4.964891 0.118417
21.100000 4.962701 0.117732
21.200000 4.960708 0.116897
21.300000 4.959285 0.115776
21.400000 4.957646 0.115113
21.500000 4.955555 0.114747
21.600000 4.953181 0.114744
21.700000 4.950373 0.114751
21.800000 4.946795 0.114800
21.900000 4.942286 0.114917
22.000000 4.936779 0.115100
22.100000 4.930670 0.115164
22.200000 4.924179 0.115143
22.300000 4.916898 0.114896
22.400000 4.908479 0.114829
22.500000 4.899203 0.114693
22.600000 4.890472 0.114502
22.700000 4.883748 0.114048
22.800000 4.878774 0.113353
22.900000 4.875781 0.112628
23.000000 4.873943 0.112129
23.100000 4.872247 0.111723
23.200000 4.870357 0.111360
23.300000 4.869870 0.111233
23.400000 4.869450 0.111420
23.500000 4.868786 0.111554
23.600000 4.867164 0.111843
23.700000 4.863003 0.112220
23.800000 4.858742 0.112567
23.900000 4.855672 0.113192
24.000000 4.852717 0.114053
24.100000 4.849695 0.114842
24.200000 4.848881 0.115249
24.300000 4.849326 0.115542
24.400000 4.849612 0.115778
24.500000 4.849737 0.116042
24.600000 4.849220 0.116307
24.700000 4.848178 0.116611
24.800000 4.846849 0.117107
24.900000 4.844969 0.117376
25.000000 4.843274 0.117649
25.100000 4.841434 0.117974
25.200000 4.839652 0.118434
25.300000 4.838132 0.118927
25.400000 4.837838 0.119650
25.500000 4.838365 0.120095
25.600000 4.837606 0.120662
25.700000 4.835455 0.121319
25.800000 4.831963 0.121869
25.900000 4.826384 0.121409
26.000000 4.822795 0.120373
26.100000 4.819595 0.119497
26.200000 4.814874 0.119028
26.300000 4.811146 0.118926
26.400000 4.811070 0.119135
26.500000 4.812102 0.118829
26.600000 4.811820 0.118606
26.700000 4.809984 0.118788
26.800000 4.804993 0.119248
26.900000 4.797802 0.119796
27.000000 4.790365 0.119684
27.100000 4.783751 0.119468
27.200000 4.776895 0.119469
27.300000 4.769943 0.119499
27.400000 4.762280 0.119466
27.500000 4.753976 0.119218
27.600000 4.746016 0.118537
27.700000 4.739483 0.118072
27.800000 4.734325 0.117729
27.900000 4.728121 0.117390
28.000000 4.721089 0.117299
28.100000 4.713833 0.117422
28.200000 4.706690 0.117665
28.300000 4.699194 0.118164
28.400000 4.691933 0.118663
28.500000 4.684062 0.118621
28.600000 4.675360 0.118016
28.700000 4.666010 0.117151
28.800000 4.656013 0.116214
28.900000 4.646271 0.115268
29.000000 4.637491 0.114439
29.100000 4.631574 0.113718
29.200000 4.631175 0.113523
29.300000 4.635033 0.113678
29.400000 4.641564 0.113948
29.500000 4.649517 0.114242
29.600000 4.658354 0.114570
29.700000 4.664465 0.114758
29.800000 4.670807 0.114715
29.900000 4.676061 0.114726
30.000000 4.680211 0.114370
30.100000 4.684314 0.113608
30.200000 4.687435 0.112817
30.300000 4.690173 0.112133
30.400000 4.691585 0.111827
30.500000 4.692084 0.111879
30.600000 4.691433 0.111878
30.700000 4.690591 0.111716
30.800000 4.688940 0.111931
30.900000 4.687455 0.112166
31.000000 4.685865 0.112772
31.100000 4.685204 0.113573
31.200000 4.684645 0.113986
31.300000 4.682816 0.114521
31.400000 4.679684 0.115254
31.500000 4.675048 0.116025
31.600000 4.669577 0.117069
31.700000 4.663545 0.117887
31.800000 4.656646 0.118554
31.900000 4.649555 0.118873
32.000000 4.641436 0.119122
32.100000 4.632043 0.119200
32.200000 4.623396 0.118774
32.300000 4.615198 0.117904
32.400000 4.608933 0.116913
32.500000 4.605249 0.116192
32.600000 4.604062 0.115957
32.700000 4.604314 0.115616
32.800000 4.604651 0.115436
32.900000 4.604279 0.115549
33.000000 4.602852 0.116619
33.100000 4.598709 0.117098
33.200000 4.594486 0.117266
33.300000 4.591017 0.117526
33.400000 4.589043 0.117514
33.500000 4.588814 0.117347
33.600000 4.588854 0.117678
33.700000 4.588882 0.117517
33.800000 4.588842 0.117458
33.900000 4.587573 0.117450
34.000000 4.584935 0.117712
34.100000 4.581965 0.117875
34.200000 4.578878 0.118285
34.300000 4.573815 0.118903
34.400000 4.567666 0.119253
34.500000 4.562112 0.119173
34.600000 4.555438 0.119537
34.700000 4.548717 0.120072
34.800000 4.542827 0.119912
34.900000 4.537030 0.119673
35.000000 4.535783 0.120036
35.100000 4.537421 0.120268
35.200000 4.535632 0.120818
35.300000 4.531301 0.120902
35.400000 4.529365 0.120819
35.500000 4.527292 0.120364
35.600000 4.524336 0.119418
35.700000 4.520659 0.118974
35.800000 4.517483 0.119338
35.900000 4.514575 0.120405
36.000000 4.511175 0.122002
36.100000 4.506113 0.122951
36.200000 4.498777 0.123470
36.300000 4.489323 0.123801
36.400000 4.477702 0.123569
36.500000 4.464639 0.123678
36.600000 4.450190 0.123681
36.700000 4.435035 0.123005
36.800000 4.420401 0.122172
36.900000 4.407154 0.121715
37.000000 4.395104 0.121104
37.100000 4.385052 0.120232
37.200000 4.375633 0.119224
37.300000 4.367523 0.118225
37.400000 4.361356 0.117103
37.500000 4.358954 0.116531
37.600000 4.360487 0.116826
37.700000 4.365423 0.116686
37.800000 4.373280 0.116724
37.900000 4.384052 0.117178
38.000000 4.397467 0.118212
38.100000 4.411905 0.119164
38.200000 4.426769 0.119709
38.300000 4.442062 0.119937
38.400000 4.457633 0.119982
38.500000 4.473049 0.119615
38.600000 4.488004 0.118996
38.700000 4.502223 0.118045
38.800000 4.515899 0.117329
38.900000 4.529039 0.116822
39.000000 4.541494 0.115991
39.100000 4.553416 0.115151
39.200000 4.564169 0.114464
39.300000 4.572831 0.114217
39.400000 4.580020 0.113780
39.500000 4.586361 0.113459
39.600000 4.591648 0.113183
39.700000 4.596330 0.113877
39.800000 4.599611 0.114322
39.900000 4.601199 0.115145
40.000000 4.601467 0.116325
40.100000 4.601219 0.117780
40.200000 4.601867 0.118059
40.300000 4.602566 0.117389
40.400000 4.602576 0.117185
40.500000 4.601972 0.116733
40.600000 4.600589 0.117045
40.700000 4.598815 0.117201
40.800000 4.596726 0.117155
40.900000 4.594700 0.116823
41.000000 4.592603 0.116211
41.100000 4.589991 0.116205
41.200000 4.587595 0.116247
41.300000 4.586147 0.116056
41.400000 4.585921 0.116099
41.500000 4.587769 0.115661
41.600000 4.590641 0.115486
41.700000 4.593264 0.115445
41.800000 4.595375 0.115421
41.900000 4.596727 0.115601
42.000000 4.598438 0.115414
42.100000 4.599924 0.115126
42.200000 4.600685 0.115262
42.300000 4.598778 0.116040
42.400000 4.594661 0.117665
42.500000 4.588017 0.119680
42.600000 4.580054 0.121467
42.700000 4.571764 0.122220
42.800000 4.563450 0.122406
42.900000 4.554323 0.122578
43.000000 4.544639 0.122328
43.100000 4.535136 0.122592
43.200000 4.527725 0.122784
43.300000 4.522591 0.122737
43.400000 4.518962 0.122297
43.500000 4.516848 0.121540
43.600000 4.515395 0.120920
43.700000 4.515688 0.120581
43.800000 4.518140 0.119949
43.900000 4.521566 0.118514
44.000000 4.524086 0.117083
44.100000 4.525803 0.115544
44.200000 4.527188 0.114846
44.300000 4.527351 0.115023
44.400000 4.523926 0.116066
44.500000 4.515861 0.117959
44.600000 4.503654 0.120091
44.700000 4.488356 0.122190
44.800000 4.472301 0.123812
44.900000 4.457190 0.125033
45.000000 4.443231 0.125864
45.100000 4.429793 0.126480
45.200000 4.416049 0.127051
45.300000 4.401711 0.127160
45.400000 4.387508 0.126610
45.500000 4.373368 0.125536
45.600000 4.359392 0.123902
45.700000 4.344725 0.121660
45.800000 4.330578 0.119180
45.900000 4.318436 0.116645
46.000000 4.308386 0.114141
46.100000 4.300635 0.113052
46.200000 4.294610 0.112736
46.300000 4.289809 0.112072
46.400000 4.286272 0.111513
46.500000 4.284794 0.111681
46.600000 4.285167 0.112183
46.700000 4.287559 0.113154
46.800000 4.292291 0.114518
46.900000 4.299945 0.116156
47.000000 4.310490 0.118102
47.100000 4.324289 0.121356
47.200000 4.340084 0.124902
47.300000 4.358075 0.128588
47.400000 4.376750 0.130942
47.500000 4.394718 0.131468
47.600000 4.411736 0.131042
47.700000 4.426688 0.130051
47.800000 4.440472 0.128943
47.900000 4.454100 0.127898
48.000000 4.469054 0.126746
48.100000 4.484124 0.125202
48.200000 4.497490 0.124393
48.300000 4.508788 0.124047
48.400000 4.519574 0.123764
48.500000 4.530407 0.122436
48.600000 4.539839 0.121303
48.700000 4.548595 0.120349
48.800000 4.556781 0.119295
48.900000 4.565115 0.117050
49.000000 4.571271 0.115819
49.100000 4.575545 0.114405
49.200000 4.577271 0.113526
49.300000 4.577068 0.112872
49.400000 4.575432 0.112655
49.500000 4.573472 0.112348
49.600000 4.571097 0.112287
49.700000 4.568472 0.112304
49.800000 4.566715 0.112861
49.900000 4.565937 0.113553
50.000000 4.565688 0.114224
50.100000 4.565021 0.115492
50.200000 4.562932 0.116762
50.300000 4.557432 0.118869
50.400000 4.550231 0.120609
50.500000 4.541384 0.121999
50.600000 4.531983 0.122969
50.700000 4.523352 0.122514
50.800000 4.515504 0.121136
50.900000 4.507593 0.119473
51.000000 4.498971 0.117869
51.100000 4.489477 0.116850
51.200000 4.480021 0.116658
51.300000 4.469483 0.117099
51.400000 4.459620 0.117557
51.500000 4.450130 0.118255
51.600000 4.440751 0.119213
51.700000 4.432095 0.119811
51.800000 4.424059 0.120250
51.900000 4.416062 0.120631
52.000000 4.407732 0.121401
52.100000 4.400152 0.121266
52.200000 4.392652 0.120725
52.300000 4.384431 0.120217
52.400000 4.375672 0.119549
52.500000 4.367552 0.119072
52.600000 4.359893 0.118240
52.700000 4.352626 0.117322
52.800000 4.346760 0.116756
52.900000 4.342015 0.116864
53.000000 4.338629 0.116681
53.100000 4.335105 0.117208
53.200000 4.332086 0.118360
53.300000 4.330643 0.119161
53.400000 4.330562 0.120426
53.500000 4.330734 0.122043
53.600000 4.332242 0.123243
53.700000 4.333654 0.123473
53.800000 4.335812 0.123384
53.900000 4.338735 0.123229
54.000000 4.342634 0.123696
54.100000 4.348188 0.124824
54.200000 4.353785 0.125918
54.300000 4.359830 0.126944
54.400000 4.366309 0.128040
54.500000 4.372398 0.128819
54.600000 4.378622 0.128795
54.700000 4.386455 0.128897
54.800000 4.394122 0.128557
54.900000 4.401001 0.127761
55.000000 4.408355 0.126693
55.100000 4.415728 0.125273
55.200000 4.422351 0.123102
55.300000 4.427963 0.121195
55.400000 4.431807 0.120004
55.500000 4.433137 0.119213
55.600000 4.432767 0.118111
55.700000 4.432003 0.117166
55.800000 4.430841 0.116871
55.900000 4.429757 0.116152
56.000000 4.428968 0.115296
56.100000 4.427846 0.114877
56.200000 4.425245 0.115380
56.300000 4.420589 0.115346
56.400000 4.415277 0.116282
56.500000 4.410022 0.117041
56.600000 4.405627 0.118371
56.700000 4.400730 0.119303
56.800000 4.395619 0.120192
56.900000 4.391203 0.121506
57.000000 4.386722 0.123411
57.100000 4.382627 0.125921
57.200000 4.378038 0.127649
57.300000 4.373407 0.129209
57.400000 4.368175 0.132441
57.500000 4.360137 0.135355
57.600000 4.349938 0.137632
57.700000 4.339115 0.138655
57.800000 4.328503 0.137752
57.900000 4.317683 0.137055
58.000000 4.306970 0.136477
58.100000 4.296295 0.135421
58.200000 4.284487 0.134687
58.300000 4.271148 0.133982
58.400000 4.256700 0.132648
58.500000 4.242866 0.130262
58.600000 4.231733 0.127286
58.700000 4.224457 0.124826
58.800000 4.222067 0.123486
58.900000 4.225907 0.123675
59.000000 4.236217 0.124748
59.100000 4.250694 0.125425
59.200000 4.266302 0.124495
59.300000 4.281062 0.123910
59.400000 4.294987 0.121898
59.500000 4.307946 0.120858
59.600000 4.319109 0.119833
59.700000 4.329306 0.119002
59.800000 4.339364 0.118719
59.900000 4.348435 0.119135
60.000000 4.355980 0.119971
60.100000 4.362368 0.120701
60.200000 4.368900 0.121139
60.300000 4.375383 0.121817
60.400000 4.381380 0.122853
60.500000 4.388001 0.123099
60.600000 4.396324 0.123183
60.700000 4.405205 0.122743
60.800000 4.414323 0.121979
60.900000 4.422966 0.120968
61.000000 4.431880 0.119990
61.100000 4.440479 0.118477
61.200000 4.448959 0.118060
61.300000 4.457741 0.119148
61.400000 4.467126 0.121172
61.500000 4.476643 0.124167
61.600000 4.486685 0.126812
61.700000 4.497261 0.129536
61.800000 4.508606 0.131410
61.900000 4.521245 0.132670
62.000000 4.534451 0.133136
62.100000 4.547582 0.132698
62.200000 4.560573 0.131209
62.300000 4.573346 0.128895
62.400000 4.584705 0.126796
62.500000 4.596036 0.124183
62.600000 4.606981 0.121561
62.700000 4.616509 0.120414
62.800000 4.625157 0.119290
62.900000 4.633821 0.118051
63.000000 4.642287 0.116217
63.100000 4.649817 0.115698
63.200000 4.656703 0.115700
63.300000 4.662483 0.115326
63.400000 4.667316 0.114081
63.500000 4.671710 0.112969
63.600000 4.675833 0.111275
63.700000 4.679204 0.109254
63.800000 4.681366 0.107785
63.900000 4.682772 0.106969
64.000000 4.683188 0.106930
64.100000 4.682589 0.107427
64.200000 4.681349 0.107903
64.300000 4.678602 0.108654
64.400000 4.674674 0.109875
64.500000 4.670542 0.110847
64.600000 4.667025 0.111178
64.700000 4.664431 0.111703
64.800000 4.662490 0.111936
64.900000 4.661305 0.112400
65.000000 4.661222 0.113089
65.100000 4.661521 0.113551
65.200000 4.663525 0.114626
65.300000 4.665151 0.115557
65.400000 4.666860 0.117089
65.500000 4.667072 0.118303
65.600000 4.666880 0.119375
65.700000 4.665564 0.120399
65.800000 4.663915 0.120722
65.900000 4.661216 0.120750
66.000000 4.657914 0.120923
66.100000 4.653556 0.120062
66.200000 4.648817 0.118522
66.300000 4.644493 0.117302
66.400000 4.641695 0.116237
66.500000 4.638958 0.114408
66.600000 4.636158 0.112460
66.700000 4.633801 0.111417
66.800000 4.632070 0.109718
66.900000 4.630729 0.107216
67.000000 4.630052 0.105650
67.100000 4.629021 0.105037
67.200000 4.627874 0.104772
67.300000 4.626639 0.104780
67.400000 4.624467 0.104851
67.500000 4.621151 0.105386
67.600000 4.616429 0.106117
67.700000 4.611123 0.106545
67.800000 4.604730 0.107029
67.900000 4.597950 0.106579
68.000000 4.590507 0.106921
68.100000 4.583112 0.106233
68.200000 4.576461 0.105534
68.300000 4.569834 0.105074
68.400000 4.562943 0.104317
68.500000 4.555927 0.104468
68.600000 4.547321 0.106236
68.700000 4.537822 0.107282
68.800000 4.526227 0.108517
68.900000 4.513651 0.109432
69.000000 4.501606 0.110221
69.100000 4.490122 0.110814
69.200000 4.477961 0.111837
69.300000 4.464197 0.112930
69.400000 4.449218 0.114880
69.500000 4.433282 0.116631
69.600000 4.416756 0.119331
69.700000 4.400084 0.122509
69.800000 4.383321 0.126004
69.900000 4.366328 0.130217
70.000000 4.348149 0.134113
70.100000 4.327535 0.136760
70.200000 4.300867 0.138923
70.300000 4.266937 0.138744
70.400000 4.226891 0.136517
70.500000 4.186258 0.132243
70.600000 4.152624 0.125283
70.700000 4.130142 0.118664
70.800000 4.117084 0.112596
70.900000 4.110457 0.109218
71.000000 4.107620 0.107269
71.100000 4.105125 0.106053
71.200000 4.101825 0.106340
71.300000 4.098343 0.108517
71.400000 4.095130 0.110498
71.500000 4.093995 0.113225
71.600000 4.096773 0.115745
71.700000 4.102238 0.120088
71.800000 4.113379 0.124083
71.900000 4.131335 0.126670
72.000000 4.154062 0.127399
72.100000 4.178062 0.127128
72.200000 4.202553 0.128966
72.300000 4.228192 0.131580
72.400000 4.255488 0.132177
72.500000 4.283377 0.130134
72.600000 4.308684 0.124242
72.700000 4.328558 0.118393
72.800000 4.341153 0.113626
72.900000 4.349508 0.108367
73.000000 4.353840 0.104907
73.100000 4.352401 0.104185
73.200000 4.346185 0.105126
73.300000 4.337570 0.108427
73.400000 4.328710 0.112218
73.500000 4.315215 0.113908
73.600000 4.297544 0.114023
73.700000 4.278026 0.111355
73.800000 4.260758 0.104451
73.900000 4.246833 0.096656
74.000000 4.238207 0.092311
74.100000 4.233120 0.091419
74.200000 4.228379 0.092266
74.300000 4.221376 0.095575
74.400000 4.207055 0.100503
74.500000 4.182252 0.105335
74.600000 4.150656 0.109254
74.700000 4.112952 0.112951
74.800000 4.071017 0.116991
74.900000 4.026514 0.120217
75.000000 3.981539 0.122265
75.100000 3.937831 0.120527
75.200000 3.899287 0.114981
75.300000 3.867577 0.106789
75.400000 3.849799 0.099733
75.500000 3.845235 0.096040
75.600000 3.849720 0.094913
75.700000 3.858379 0.095123
75.800000 3.868518 0.094984
75.900000 3.878452 0.095214
76.000000 3.886760 0.095075
76.100000 3.894170 0.094022
76.200000 3.902516 0.094058
76.300000 3.912389 0.095371
76.400000 3.925880 0.097495
76.500000 3.942431 0.100277
76.600000 3.957283 0.100627
76.700000 3.968491 0.100430
76.800000 3.979172 0.099557
76.900000 3.990848 0.099095
77.000000 4.004277 0.099833
77.100000 4.019097 0.101507
77.200000 4.036813 0.103970
77.300000 4.055678 0.105818
77.400000 4.073522 0.104878
77.500000 4.089795 0.103004
77.600000 4.104534 0.100140
77.700000 4.116269 0.097556
77.800000 4.124726 0.095511
77.900000 4.130727 0.094191
78.000000 4.135092 0.093802
78.100000 4.137459 0.092817
78.200000 4.138298 0.093473
78.300000 4.136978 0.094428
78.400000 4.134103 0.094679
78.500000 4.130344 0.094458
78.600000 4.126029 0.094992
78.700000 4.120851 0.095716
78.800000 4.113917 0.097062
78.900000 4.105250 0.099067
79.000000 4.094288 0.100820
79.100000 4.081819 0.103166
79.200000 4.068935 0.104887
79.300000 4.057620 0.105801
79.400000 4.050013 0.106588
79.500000 4.046226 0.106834
79.600000 4.045317 0.109407
79.700000 4.045074 0.112069
79.800000 4.044742 0.112530
79.900000 4.043604 0.114134
80.000000 4.040560 0.115618
80.100000 4.036556 0.116465
80.200000 4.028259 0.116681
80.300000 4.017607 0.116168
80.400000 4.008216 0.114642
80.500000 3.996825 0.112147
80.600000 3.984067 0.109128
80.700000 3.971391 0.106482
80.800000 3.961058 0.105062
80.900000 3.950863 0.102991
81.000000 3.941569 0.100694
81.100000 3.933156 0.100852
81.200000 3.924223 0.102205
81.300000 3.915418 0.104302
81.400000 3.903428 0.106662
81.500000 3.888062 0.111132
81.600000 3.871598 0.113894
81.700000 3.852575 0.113923
81.800000 3.833365 0.111537
81.900000 3.818371 0.108405
82.000000 3.811522 0.106025
82.100000 3.808647 0.103754
82.200000 3.806883 0.101062
82.300000 3.807014 0.099209
82.400000 3.806336 0.098836
82.500000 3.803747 0.098717
82.600000 3.798310 0.098317
82.700000 3.791593 0.098272
82.800000 3.783113 0.097422
82.900000 3.774953 0.095966
83.000000 3.766788 0.094991
83.100000 3.759753 0.093584
83.200000 3.755738 0.094151
83.300000 3.752494 0.094493
83.400000 3.746497 0.093984
83.500000 3.736774 0.094616
83.600000 3.724708 0.096271
83.700000 3.714423 0.098285
83.800000 3.706799 0.100338
83.900000 3.698561 0.100780
84.000000 3.689977 0.102564
84.100000 3.678537 0.104399
84.200000 3.662269 0.105062
84.300000 3.644284 0.103736
84.400000 3.629840 0.100243
84.500000 3.617707 0.095266
84.600000 3.611929 0.093398
84.700000 3.610435 0.092249
84.800000 3.609609 0.091275
84.900000 3.606541 0.091109
85.000000 3.602539 0.091747
85.100000 3.600142 0.091696
85.200000 3.602576 0.092828
85.300000 3.611205 0.094526
85.400000 3.626507 0.097342
85.500000 3.647245 0.101252
85.600000 3.672345 0.104332
85.700000 3.700263 0.107738
85.800000 3.729914 0.111956
85.900000 3.758586 0.114481
86.000000 3.788122 0.115154
86.100000 3.818678 0.113464
86.200000 3.847083 0.108677
86.300000 3.870863 0.101828
86.400000 3.888144 0.097886
86.500000 3.901198 0.095195
86.600000 3.912652 0.094299
86.700000 3.926578 0.097306
86.800000 3.944189 0.102258
86.900000 3.964195 0.105657
87.000000 3.984453 0.110412
87.100000 4.004917 0.116494
87.200000 4.023828 0.121802
87.300000 4.040411 0.126842
87.400000 4.055160 0.132543
87.500000 4.069567 0.138117
87.600000 4.085880 0.140396
87.700000 4.110042 0.135981
87.800000 4.138766 0.127705
87.900000 4.169391 0.117224
88.000000 4.197020 0.108596
88.100000 4.217670 0.102621
88.200000 4.233595 0.100488
88.300000 4.244623 0.101344
88.400000 4.256687 0.100843
88.500000 4.271164 0.099350
88.600000 4.284527 0.096332
88.700000 4.292964 0.093942
88.800000 4.295809 0.093258
88.900000 4.294863 0.093199
89.000000 4.292076 0.092841
89.100000 4.286468 0.095188
89.200000 4.276937 0.098483
89.300000 4.261233 0.103431
89.400000 4.244873 0.106235
89.500000 4.226629 0.107854
89.600000 4.209809 0.107633
89.700000 4.196861 0.105272
89.800000 4.186474 0.102476
89.900000 4.177451 0.101177
90.000000 4.165015 0.102159
90.100000 4.150242 0.105994
90.200000 4.134750 0.110267
90.300000 4.116244 0.114036
90.400000 4.097397 0.115578
90.500000 4.079076 0.114812
90.600000 4.061749 0.112743
90.700000 4.045445 0.109392
90.800000 4.031432 0.105725
90.900000 4.021193 0.102519
91.000000 4.014126 0.099432
91.100000 4.010461 0.098080
91.200000 4.007888 0.096963
91.300000 4.006180 0.095984
91.400000 4.004706 0.095274
91.500000 4.004048 0.094447
91.600000 4.004541 0.094187
91.700000 4.003397 0.093895
91.800000 4.001076 0.094588
91.900000 3.997583 0.095077
92.000000 3.991410 0.096078
92.100000 3.984394 0.097161
92.200000 3.975730 0.099224
92.300000 3.966590 0.101550
92.400000 3.955182 0.106336
92.500000 3.945888 0.111674
92.600000 3.941300 0.113925
92.700000 3.936358 0.117816
92.800000 3.934447 0.120911
92.900000 3.937744 0.120825
93.000000 3.941722 0.120769
93.100000 3.946592 0.118984
93.200000 3.952249 0.116310
93.300000 3.957829 0.112387
93.400000 3.962840 0.107370
93.500000 3.966058 0.103656
93.600000 3.966488 0.101397
93.700000 3.964106 0.100226
93.800000 3.959574 0.099640
93.900000 3.955274 0.099313
94.000000 3.949351 0.099160
94.100000 3.942457 0.098788
94.200000 3.934201 0.099332
94.300000 3.926174 0.099905
94.400000 3.916835 0.100051
94.500000 3.906627 0.100507
94.600000 3.897506 0.100571
94.700000 3.888993 0.101168
94.800000 3.880733 0.101361
94.900000 3.874309 0.101671
95.000000 3.867328 0.102736
95.100000 3.859669 0.104175
95.200000 3.849460 0.105422
95.300000 3.837402 0.107107
95.400000 3.823472 0.108669
95.500000 3.807829 0.109219
95.600000 3.790755 0.108646
95.700000 3.773986 0.105996
95.800000 3.758872 0.103900
95.900000 3.745354 0.102104
96.000000 3.734110 0.099696
96.100000 3.724781 0.096899
96.200000 3.716954 0.094881
96.300000 3.711598 0.093869
96.400000 3.708603 0.093765
96.500000 3.706751 0.094912
96.600000 3.704529 0.095955
96.700000 3.702460 0.096259
96.800000 3.699732 0.095876
96.900000 3.696372 0.097823
97.000000 3.692609 0.098319
97.100000 3.688732 0.097346
97.200000 3.684800 0.096504
97.300000 3.682497 0.096410
97.400000 3.681872 0.096934
97.500000 3.682212 0.097481
97.600000 3.685597 0.097990
97.700000 3.692632 0.098678
97.800000 3.701857 0.099983
97.900000 3.711630 0.100203
98.000000 3.720824 0.099761
98.100000 3.728511 0.099578
98.200000 3.734995 0.098953
98.300000 3.738084 0.098472
98.400000 3.738371 0.098602
98.500000 3.736829 0.098578
98.600000 3.734434 0.097826
98.700000 3.732960 0.097633
98.800000 3.731949 0.097305
98.900000 3.732738 0.096875
99.000000 3.736042 0.096843
99.100000 3.740130 0.097437
99.200000 3.744375 0.097894
99.300000 3.747905 0.097460
99.400000 3.751503 0.098226
99.500000 3.755241 0.100111
99.600000 3.755817 0.101654
99.700000 3.755202 0.102593
99.800000 3.754310 0.103154
99.900000 3.751460 0.102959
100.000000 3.745689 0.103287
100.100000 3.738624 0.102740
100.200000 3.733783 0.101767
100.300000 3.731514 0.101891
100.400000 3.731220 0.102591
100.500000 3.732706 0.102619
100.600000 3.733809 0.103016
100.700000 3.734762 0.104006
100.800000 3.735392 0.104220
100.900000 3.737917 0.105454
101.000000 3.740948 0.105727
101.100000 3.744265 0.104719
101.200000 3.748336 0.105394
101.300000 3.749898 0.107112
101.400000 3.751980 0.107911
101.500000 3.754840 0.108011
101.600000 3.759306 0.107389
101.700000 3.763818 0.107144
101.800000 3.769483 0.108054
101.900000 3.774995 0.108527
102.000000 3.781031 0.107087
102.100000 3.785275 0.105736
102.200000 3.787579 0.105130
102.300000 3.785625 0.105371
102.400000 3.778029 0.107032
102.500000 3.765088 0.108513
102.600000 3.747088 0.108981
102.700000 3.727322 0.107639
102.800000 3.709360 0.105532
102.900000 3.693967 0.102902
103.000000 3.684361 0.100095
103.100000 3.679642 0.097200
103.200000 3.678773 0.095367
103.300000 3.679420 0.095067
103.400000 3.680681 0.095474
103.500000 3.684947 0.096960
103.600000 3.695291 0.100903
103.700000 3.714499 0.107421
103.800000 3.744354 0.114167
103.900000 3.781212 0.118692
104.000000 3.820695 0.119560
104.100000 3.858442 0.117453
104.200000 3.891875 0.113054
104.300000 3.920143 0.107327
104.400000 3.942842 0.102196
104.500000 3.960678 0.097796
104.600000 3.974213 0.095391
104.700000 3.984416 0.093411
104.800000 3.991972 0.091744
104.900000 3.997297 0.090583
105.000000 4.000664 0.090308
105.100000 4.002383 0.090243
105.200000 4.002989 0.091300
105.300000 4.002205 0.092280
105.400000 4.000308 0.092062
105.500000 3.996961 0.091346
105.600000 3.992499 0.091384
105.700000 3.988181 0.092141
105.800000 3.982451 0.091569
105.900000 3.977884 0.090774
106.000000 3.975258 0.091215
106.100000 3.972794 0.090424
106.200000 3.968737 0.090030
106.300000 3.964269 0.090397
106.400000 3.960262 0.090595
106.500000 3.955631 0.092767
106.600000 3.949714 0.095124
106.700000 3.941565 0.098520
106.800000 3.930938 0.102297
106.900000 3.917417 0.106724
107.000000 3.902124 0.109199
107.100000 3.887015 0.109555
107.200000 3.873110 0.108224
107.300000 3.860755 0.105717
107.400000 3.848982 0.102864
107.500000 3.841356 0.101152
107.600000 3.840230 0.100955
107.700000 3.843727 0.100571
107.800000 3.850840 0.100265
107.900000 3.860335 0.100261
108.000000 3.870687 0.100307
108.100000 3.881438 0.101407
108.200000 3.891494 0.104134
108.300000 3.904465 0.108785
108.400000 3.925518 0.113684
108.500000 3.952938 0.117536
108.600000 3.981825 0.119078
108.700000 4.010341 0.117796
108.800000 4.037246 0.115044
108.900000 4.061485 0.112142
109.000000 4.083833 0.110423
109.100000 4.105023 0.108275
109.200000 4.123693 0.106360
109.300000 4.139429 0.104347
109.400000 4.150368 0.101862
109.500000 4.156086 0.099112
109.600000 4.159395 0.097032
109.700000 4.161017 0.095127
109.800000 4.160996 0.094968
109.900000 4.158491 0.095463
110.000000 4.154297 0.096222
110.100000 4.149312 0.097437
110.200000 4.143283 0.098946
110.300000 4.137159 0.101093
110.400000 4.128485 0.104258
110.500000 4.118080 0.107152
110.600000 4.109093 0.109049
110.700000 4.101525 0.109621
110.800000 4.095354 0.108852
110.900000 4.088800 0.106864
111.000000 4.080371 0.104336
111.100000 4.070991 0.101884
111.200000 4.063102 0.100780
111.300000 4.056882 0.100197
111.400000 4.050894 0.099472
111.500000 4.044289 0.099218
111.600000 4.036507 0.100354
111.700000 4.026845 0.100380
111.800000 4.016225 0.099782
111.900000 4.005053 0.100797
112.000000 3.993470 0.102663
112.100000 3.980709 0.103948
112.200000 3.967917 0.104237
112.300000 3.955680 0.103614
112.400000 3.944588 0.102338
112.500000 3.934646 0.101010
112.600000 3.925856 0.099918
112.700000 3.916638 0.099084
112.800000 3.906882 0.099316
112.900000 3.896157 0.100420
113.000000 3.884586 0.100986
113.100000 3.871878 0.103854
113.200000 3.858770 0.105740
113.300000 3.844309 0.106189
113.400000 3.830380 0.105555
113.500000 3.817969 0.105027
113.600000 3.806095 0.105740
113.700000 3.796707 0.106110
113.800000 3.789260 0.105949
113.900000 3.781922 0.105613
114.000000 3.773448 0.108648
114.100000 3.764019 0.111753
114.200000 3.754220 0.112169
114.300000 3.747624 0.113429
114.400000 3.745968 0.114958
114.500000 3.743914 0.113338
114.600000 3.744616 0.114830
114.700000 3.743549 0.115682
114.800000 3.744406 0.119711
114.900000 3.748192 0.125045
115.000000 3.754849 0.130853
115.100000 3.760673 0.135496
115.200000 3.764779 0.137492
115.300000 3.764118 0.139716
115.400000 3.764732 0.141164
115.500000 3.761689 0.142546
115.600000 3.754326 0.143850
115.700000 3.745521 0.144964
115.800000 3.735911 0.144661
115.900000 3.725959 0.142755
116.000000 3.715153 0.140807
116.100000 3.704463 0.139211
116.200000 3.694284 0.137500
116.300000 3.685739 0.135375
116.400000 3.678071 0.133300
116.500000 3.670792 0.132385
116.600000 3.664654 0.130148
116.700000 3.658151 0.129291
116.800000 3.651185 0.129631
116.900000 3.643745 0.130126
117.000000 3.635309 0.130783
117.100000 3.625337 0.132787
117.200000 3.613374 0.135698
117.300000 3.599388 0.138866
117.400000 3.582724 0.142108
117.500000 3.562711 0.145615
117.600000 3.541607 0.148307
117.700000 3.519254 0.149813
117.800000 3.496883 0.149943
117.900000 3.475450 0.148640
118.000000 3.454750 0.146377
118.100000 3.436123 0.143617
118.200000 3.419922 0.141154
118.300000 3.405604 0.139133
118.400000 3.392477 0.137276
118.500000 3.380773 0.136041
118.600000 3.369599 0.135664
118.700000 3.358453 0.135194
118.800000 3.346899 0.134858
118.900000 3.335415 0.134444
119.000000 3.324008 0.133917
119.100000 3.312997 0.132964
119.200000 3.302925 0.131996
119.300000 3.293607 0.131176
119.400000 3.285096 0.130478
119.500000 3.276841 0.130140
119.600000 3.269141 0.130422
119.700000 3.261250 0.130682
119.800000 3.253414 0.130875
119.900000 3.245702 0.130967
120.000000 3.238369 0.130953
120.100000 3.231513 0.130737
120.200000 3.225670 0.130177
120.300000 3.220869 0.129715
120.400000 3.216719 0.129446
120.500000 3.212857 0.129025
120.600000 3.209436 0.128842
120.700000 3.206312 0.128444
120.800000 3.203185 0.128398
120.900000 3.199904 0.128503
121.000000 3.196032 0.128976
121.100000 3.191203 0.129846
121.200000 3.186174 0.130494
121.300000 3.181193 0.131073
121.400000 3.175671 0.131510
121.500000 3.169601 0.132025
121.600000 3.164132 0.132193
121.700000 3.159582 0.131871
121.800000 3.154617 0.131568
121.900000 3.149434 0.131291
122.000000 3.145058 0.130869
122.100000 3.141778 0.130513
122.200000 3.139280 0.129901
122.300000 3.137839 0.129230
122.400000 3.137128 0.128432
122.500000 3.136578 0.128115
122.600000 3.136306 0.127635
122.700000 3.135675 0.127351
122.800000 3.134467 0.127019
122.900000 3.133498 0.126343
123.000000 3.132536 0.125933
123.100000 3.131080 0.126018
123.200000 3.129235 0.126477
123.300000 3.127073 0.127062
123.400000 3.124738 0.127523
123.500000 3.122135 0.127633
123.600000 3.118994 0.128076
123.700000 3.115727 0.128472
123.800000 3.112239 0.128462
123.900000 3.108556 0.128580
124.000000 3.104742 0.128788
124.100000 3.100942 0.128825
124.200000 3.097259 0.128402
124.300000 3.093663 0.127864
124.400000 3.090487 0.127519
124.500000 3.087308 0.127358
124.600000 3.084265 0.126946
124.700000 3.081353 0.126294
124.800000 3.078797 0.125894
124.900000 3.076297 0.125357
125.000000 3.073806 0.124984
125.100000 3.071521 0.124205
125.200000 3.069350 0.123650
125.300000 3.067131 0.123402
125.400000 3.064847 0.123227
125.500000 3.062590 0.123274
125.600000 3.060347 0.123235
125.700000 3.058285 0.123150
125.800000 3.056279 0.123211
125.900000 3.054251 0.123002
126.000000 3.051991 0.123398
126.100000 3.050116 0.123830
126.200000 3.048400 0.124308
126.300000 3.046125 0.124600
126.400000 3.043276 0.124963
126.500000 3.039946 0.125627
126.600000 3.036954 0.126291
126.700000 3.033864 0.126875
126.800000 3.032144 0.127601
126.900000 3.030831 0.128181
127.000000 3.029794 0.128520
127.100000 3.029700 0.128967
127.200000 3.031596 0.129762
127.300000 3.035978 0.130442
127.400000 3.042284 0.131427
127.500000 3.050394 0.132675
127.600000 3.060046 0.133442
127.700000 3.070318 0.133730
127.800000 3.081278 0.133632
127.900000 3.092095 0.133054
128.000000 3.102886 0.132357
128.100000 3.113184 0.131380
128.200000 3.122664 0.130086
128.300000 3.131764 0.128883
128.400000 3.141291 0.127874
128.500000 3.151205 0.127628
128.600000 3.161493 0.128568
128.700000 3.172904 0.129511
128.800000 3.186408 0.131076
128.900000 3.202589 0.133177
129.000000 3.221849 0.135304
129.100000 3.243916 0.137343
129.200000 3.268488 0.138909
129.300000 3.295016 0.139417
129.400000 3.322806 0.138795
129.500000 3.350585 0.137087
129.600000 3.378322 0.134945
129.700000 3.404278 0.132597
129.800000 3.427158 0.129768
129.900000 3.447155 0.126293
130.000000 3.464164 0.122923
130.100000 3.477337 0.120553
130.200000 3.488224 0.119453
130.300000 3.498561 0.118884
130.400000 3.507890 0.119314
130.500000 3.516244 0.120273
130.600000 3.524746 0.121016
130.700000 3.534509 0.121686
130.800000 3.546703 0.122166
130.900000 3.559996 0.122338
131.000000 3.572487 0.122702
131.100000 3.582809 0.123380
131.200000 3.592256 0.124427
131.300000 3.603358 0.125561
131.400000 3.617173 0.127113
131.500000 3.634765 0.128638
131.600000 3.653495 0.130425
131.700000 3.673375 0.132209
131.800000 3.695231 0.133905
131.900000 3.719588 0.135340
132.000000 3.745687 0.136414
132.100000 3.772829 0.136501
132.200000 3.799353 0.135273
132.300000 3.824903 0.132772
132.400000 3.848461 0.129341
132.500000 3.868906 0.125657
132.600000 3.885774 0.122756
132.700000 3.900169 0.120626
132.800000 3.912956 0.119105
132.900000 3.925374 0.118309
133.000000 3.938030 0.118352
133.100000 3.951652 0.118828
133.200000 3.966554 0.119334
133.300000 3.982662 0.119427
133.400000 4.000108 0.119545
133.500000 4.016178 0.119623
133.600000 4.030415 0.120662
133.700000 4.047460 0.123149
133.800000 4.071426 0.126402
133.900000 4.104217 0.128816
134.000000 4.142623 0.129336
134.100000 4.183049 0.129121
134.200000 4.223015 0.128251
134.300000 4.261091 0.126778
134.400000 4.295769 0.125060
134.500000 4.326443 0.124077
134.600000 4.353133 0.123571
134.700000 4.376172 0.122917
134.800000 4.395567 0.122128
134.900000 4.411338 0.121438
135.000000 4.424494 0.120904
135.100000 4.437073 0.120849
135.200000 4.451324 0.121303
135.300000 4.468529 0.122171
135.400000 4.488495 0.122882
135.500000 4.511546 0.123420
135.600000 4.537368 0.123976
135.700000 4.566051 0.124339
135.800000 4.597464 0.125064
135.900000 4.631535 0.125970
136.000000 4.667445 0.126479
136.100000 4.703506 0.125354
136.200000 4.736936 0.122989
136.300000 4.766278 0.120291
136.400000 4.790737 0.118304
136.500000 4.812113 0.117777
136.600000 4.833913 0.119056
136.700000 4.857400 0.120993
136.800000 4.881740 0.122038
136.900000 4.906112 0.121393
137.000000 4.927654 0.120196
137.100000 4.946460 0.118583
137.200000 4.961214 0.117030
137.300000 4.971368 0.115467
137.400000 4.977163 0.114570
137.500000 4.977648 0.114594
137.600000 4.973408 0.115135
137.700000 4.966442 0.115683
137.800000 4.957716 0.115626
137.900000 4.949301 0.114670
138.000000 4.943223 0.114367
138.100000 4.939201 0.113714
138.200000 4.937744 0.113382
138.300000 4.938100 0.113416
138.400000 4.940235 0.113939
138.500000 4.944498 0.114593
138.600000 4.951404 0.115179
138.700000 4.961051 0.116481
138.800000 4.972452 0.117263
138.900000 4.984338 0.117590
139.000000 4.992896 0.116762
139.100000 4.999329 0.115961
139.200000 5.003501 0.115218
139.300000 5.003644 0.114635
139.400000 5.000048 0.114218
139.500000 4.992391 0.113824
139.600000 4.984552 0.113842
139.700000 4.976877 0.114315
139.800000 4.970460 0.114718
139.900000 4.965643 0.114969
140.000000 4.962160 0.115035
140.100000 4.959784 0.115209
140.200000 4.958620 0.115481
140.300000 4.958710 0.116146
140.400000 4.958729 0.117020
140.500000 4.956454 0.117987
140.600000 4.951134 0.119627
140.700000 4.942837 0.121661
140.800000 4.931951 0.123591
140.900000 4.920114 0.125138
141.000000 4.908696 0.126000
141.100000 4.899388 0.126376
141.200000 4.893201 0.127143
141.300000 4.889371 0.127606
141.400000 4.888711 0.128009
141.500000 4.891776 0.128700
141.600000 4.897641 0.129571
141.700000 4.905777 0.130119
141.800000 4.913490 0.130264
141.900000 4.922364 0.129772
142.000000 4.932016 0.129256
142.100000 4.940853 0.128174
142.200000 4.946858 0.127004
142.300000 4.951231 0.125860
142.400000 4.955207 0.124743
142.500000 4.957093 0.124058
142.600000 4.956620 0.123660
142.700000 4.954206 0.123321
142.800000 4.950143 0.123431
142.900000 4.944589 0.123468
143.000000 4.937763 0.123759
143.100000 4.933365 0.123784
143.200000 4.930176 0.123659
143.300000 4.928212 0.123664
143.400000 4.925914 0.124239
143.500000 4.922652 0.125309
143.600000 4.919736 0.126648
143.700000 4.916457 0.128500
143.800000 4.911799 0.130720
143.900000 4.905857 0.132986
144.000000 4.898620 0.134875
144.100000 4.890015 0.136312
144.200000 4.880536 0.137355
144.300000 4.870460 0.137623
144.400000 4.860271 0.137192
144.500000 4.850314 0.136405
144.600000 4.841484 0.136046
144.700000 4.833633 0.136241
144.800000 4.826894 0.136763
144.900000 4.820865 0.136951
145.000000 4.815093 0.136791
145.100000 4.809882 0.136579
145.200000 4.805338 0.136397
145.300000 4.801333 0.136254
145.400000 4.797855 0.136337
145.500000 4.794816 0.136492
145.600000 4.792150 0.136779
145.700000 4.789758 0.137186
145.800000 4.787548 0.137515
145.900000 4.785578 0.137754
146.000000 4.783728 0.137767
146.100000 4.781943 0.137620
146.200000 4.780151 0.137866
146.300000 4.778305 0.138419
146.400000 4.776401 0.138833
146.500000 4.774400 0.139196
146.600000 4.772165 0.139771
146.700000 4.769652 0.140608
146.800000 4.766946 0.141187
146.900000 4.764029 0.141524
147.000000 4.761034 0.143318
147.100000 4.757389 0.144211
147.200000 4.753699 0.146024
147.300000 4.749408 0.146948
147.400000 4.745004 0.148756
147.500000 4.740462 0.152352
147.600000 4.735598 0.152723
147.700000 4.730614 0.154796
147.800000 4.725048 0.155060
147.900000 4.719491 0.155494
148.000000 4.714115 0.157009
148.100000 4.708474 0.159935
148.200000 4.703628 0.164822
148.300000 4.699095 0.170348
148.400000 4.694468 0.175453
148.500000 4.691167 0.183798
148.600000 4.688597 0.191739
148.700000 4.687366 0.201501
148.800000 4.687533 0.213048
148.900000 4.687495 0.222316
149.000000 4.688717 0.233258
149.100000 4.695957 0.226282
149.200000 4.706592 0.220749
149.300000 4.718516 0.213011
149.400000 4.732809 0.204608
149.500000 4.749077 0.194906
149.600000 4.734756 0.216245
149.700000 4.717978 0.241822
149.800000 4.696509 0.267779
149.900000 4.674400 0.297932
150.000000 4.649906 0.327919
