age(kyr) mean(permil) sigma(permil)
0.000000 3.248859 0.193683
0.100000 3.292847 0.107475
0.200000 3.289524 0.101636
0.300000 3.282433 0.099540
0.400000 3.275693 0.097094
0.500000 3.274403 0.095814
0.600000 3.269553 0.096719
0.700000 3.265345 0.097999
0.800000 3.261913 0.098010
0.900000 3.258266 0.097489
1.000000 3.254884 0.097079
1.100000 3.252066 0.096084
1.200000 3.249680 0.096005
1.300000 3.247608 0.096360
1.400000 3.245850 0.096380
1.500000 3.244437 0.096581
1.600000 3.243222 0.096779
1.700000 3.242338 0.097455
1.800000 3.241467 0.097617
1.900000 3.240584 0.097965
2.000000 3.239499 0.097845
2.100000 3.237817 0.099271
2.200000 3.235899 0.100206
2.300000 3.233691 0.101259
2.400000 3.231077 0.102822
2.500000 3.228569 0.103310
2.600000 3.227161 0.104276
2.700000 3.226207 0.104359
2.800000 3.225554 0.105137
2.900000 3.224991 0.104992
3.000000 3.224980 0.104754
3.100000 3.222199 0.105450
3.200000 3.221140 0.106305
3.300000 3.218513 0.106635
3.400000 3.215837 0.106799
3.500000 3.213998 0.107160
3.600000 3.210940 0.107535
3.700000 3.208796 0.107597
3.800000 3.207042 0.107757
3.900000 3.205594 0.107959
4.000000 3.204427 0.107751
4.100000 3.205345 0.108355
4.200000 3.207707 0.108548
4.300000 3.209336 0.107633
4.400000 3.211524 0.107375
4.500000 3.212427 0.107381
4.600000 3.213301 0.107462
4.700000 3.215908 0.107463
4.800000 3.215704 0.106666
4.900000 3.217418 0.106659
5.000000 3.218870 0.106612
5.100000 3.221449 0.105271
5.200000 3.223604 0.104539
5.300000 3.225235 0.103641
5.400000 3.226668 0.102759
5.500000 3.227999 0.102186
5.600000 3.229022 0.101812
5.700000 3.229544 0.101664
5.800000 3.230162 0.101570
5.900000 3.231431 0.101225
6.000000 3.232634 0.101099
6.100000 3.234009 0.101089
6.200000 3.236079 0.100916
6.300000 3.238224 0.100986
6.400000 3.240863 0.101081
6.500000 3.244021 0.101194
6.600000 3.247699 0.101311
6.700000 3.251865 0.101417
6.800000 3.256462 0.101497
6.900000 3.261412 0.101543
7.000000 3.266616 0.101555
7.100000 3.271972 0.101543
7.200000 3.277390 0.101524
7.300000 3.282798 0.101522
7.400000 3.288147 0.101561
7.500000 3.293418 0.101660
7.600000 3.298620 0.101834
7.700000 3.303792 0.102083
7.800000 3.308996 0.102395
7.900000 3.314305 0.102750
8.000000 3.319790 0.103122
8.100000 3.325512 0.103485
8.200000 3.331513 0.103814
8.300000 3.337817 0.104086
8.400000 3.344431 0.104288
8.500000 3.351348 0.104413
8.600000 3.358550 0.104462
8.700000 3.366024 0.104443
8.800000 3.373760 0.104370
8.900000 3.381752 0.104257
9.000000 3.389991 0.104118
9.100000 3.398472 0.103968
9.200000 3.407199 0.103814
9.300000 3.416193 0.103660
9.400000 3.425484 0.103502
9.500000 3.435108 0.103337
9.600000 3.445100 0.103170
9.700000 3.455506 0.103018
9.800000 3.466378 0.102902
9.900000 3.477770 0.102849
10.000000 3.489744 0.102875
10.100000 3.502346 0.102986
10.200000 3.515596 0.103172
10.300000 3.529494 0.103411
10.400000 3.544015 0.103683
10.500000 3.559126 0.103970
10.600000 3.574792 0.104268
10.700000 3.590981 0.104583
10.800000 3.607672 0.104929
10.900000 3.624860 0.105316
11.000000 3.642544 0.105741
11.100000 3.660709 0.106184
11.200000 3.679330 0.106613
11.300000 3.698356 0.106993
11.400000 3.717707 0.107289
11.500000 3.737267 0.107472
11.600000 3.756916 0.107519
11.700000 3.776537 0.107425
11.800000 3.796028 0.107196
11.900000 3.815296 0.106849
12.000000 3.834256 0.106401
12.100000 3.852827 0.105873
12.200000 3.870931 0.105293
12.300000 3.888504 0.104691
12.400000 3.905509 0.104098
12.500000 3.921937 0.103538
12.600000 3.937809 0.103037
12.700000 3.953182 0.102611
12.800000 3.968142 0.102270
12.900000 3.982788 0.102004
13.000000 3.997218 0.101799
13.100000 4.011511 0.101637
13.200000 4.025723 0.101514
13.300000 4.039898 0.101435
13.400000 4.054091 0.101412
13.500000 4.068373 0.101456
13.600000 4.082829 0.101577
13.700000 4.097543 0.101778
13.800000 4.112593 0.102052
13.900000 4.128056 0.102385
14.000000 4.144003 0.102756
14.100000 4.160498 0.103140
14.200000 4.177585 0.103514
14.300000 4.195286 0.103855
14.400000 4.213594 0.104138
14.500000 4.232486 0.104344
14.600000 4.251922 0.104457
14.700000 4.271866 0.104478
14.800000 4.292285 0.104424
14.900000 4.313182 0.104322
15.000000 4.334588 0.104206
15.100000 4.356545 0.104120
15.200000 4.379088 0.104105
15.300000 4.402246 0.104196
15.400000 4.426040 0.104413
15.500000 4.450467 0.104748
15.600000 4.475497 0.105171
15.700000 4.501058 0.105640
15.800000 4.527043 0.106112
15.900000 4.553323 0.106555
16.000000 4.579766 0.106949
16.100000 4.606261 0.107280
16.200000 4.632694 0.107534
16.300000 4.658924 0.107696
16.400000 4.684788 0.107752
16.500000 4.710121 0.107696
16.600000 4.734778 0.107528
16.700000 4.758637 0.107254
16.800000 4.781598 0.106883
16.900000 4.803586 0.106418
17.000000 4.824541 0.105864
17.100000 4.844384 0.105230
17.200000 4.863003 0.104536
17.300000 4.880282 0.103811
17.400000 4.896141 0.103094
17.500000 4.910553 0.102420
17.600000 4.923548 0.101816
17.700000 4.935219 0.101297
17.800000 4.945686 0.100868
17.900000 4.955072 0.100529
18.000000 4.963476 0.100271
18.100000 4.970967 0.100082
18.200000 4.977604 0.099947
18.300000 4.983457 0.099851
18.400000 4.988612 0.099785
18.500000 4.993161 0.099740
18.600000 4.997189 0.099715
18.700000 5.000755 0.099704
18.800000 5.003883 0.099702
18.900000 5.006573 0.099704
19.000000 5.008815 0.099707
19.100000 5.010604 0.099711
19.200000 5.011935 0.099721
19.300000 5.012807 0.099744
19.400000 5.013240 0.099788
19.500000 5.013260 0.099854
19.600000 5.012888 0.099943
19.700000 5.012141 0.100049
19.800000 5.011037 0.100166
19.900000 5.009591 0.100289
20.000000 5.007810 0.100418
20.100000 5.005692 0.100549
20.200000 5.003241 0.100681
20.300000 5.000467 0.100810
20.400000 4.997385 0.100931
20.500000 4.994014 0.101041
20.600000 4.990379 0.101137
20.700000 4.986505 0.101215
20.800000 4.982411 0.101273
20.900000 4.978107 0.101316
21.000000 4.973596 0.101348
21.100000 4.968872 0.101375
21.200000 4.963925 0.101401
21.300000 4.958746 0.101430
21.400000 4.953331 0.101463
21.500000 4.947675 0.101504
21.600000 4.941776 0.101552
21.700000 4.935635 0.101612
21.800000 4.929256 0.101681
21.900000 4.922656 0.101757
22.000000 4.915862 0.101832
22.100000 4.908913 0.101899
22.200000 4.901862 0.101950
22.300000 4.894770 0.101979
22.400000 4.887714 0.101981
22.500000 4.880769 0.101951
22.600000 4.874009 0.101884
22.700000 4.867503 0.101777
22.800000 4.861318 0.101629
22.900000 4.855517 0.101440
23.000000 4.850157 0.101218
23.100000 4.845286 0.100971
23.200000 4.840944 0.100716
23.300000 4.837156 0.100469
23.400000 4.833928 0.100250
23.500000 4.831253 0.100072
23.600000 4.829097 0.099940
23.700000 4.827397 0.099853
23.800000 4.826076 0.099804
23.900000 4.825048 0.099784
24.000000 4.824225 0.099784
24.100000 4.823522 0.099794
24.200000 4.822867 0.099812
24.300000 4.822194 0.099841
24.400000 4.821448 0.099885
24.500000 4.820584 0.099955
24.600000 4.819573 0.100058
24.700000 4.818402 0.100201
24.800000 4.817071 0.100386
24.900000 4.815589 0.100612
25.000000 4.813967 0.100876
25.100000 4.812216 0.101169
25.200000 4.810344 0.101479
25.300000 4.808346 0.101795
25.400000 4.806209 0.102107
25.500000 4.803917 0.102403
25.600000 4.801453 0.102674
25.700000 4.798806 0.102913
25.800000 4.795977 0.103114
25.900000 4.792967 0.103275
26.000000 4.789777 0.103394
26.100000 4.786400 0.103472
26.200000 4.782824 0.103514
26.300000 4.779028 0.103526
26.400000 4.774984 0.103511
26.500000 4.770662 0.103473
26.600000 4.766029 0.103417
26.700000 4.761054 0.103348
26.800000 4.755715 0.103274
26.900000 4.750006 0.103204
27.000000 4.743937 0.103144
27.100000 4.737527 0.103099
27.200000 4.730809 0.103075
27.300000 4.723830 0.103074
27.400000 4.716645 0.103091
27.500000 4.709318 0.103124
27.600000 4.701921 0.103164
27.700000 4.694535 0.103205
27.800000 4.687245 0.103236
27.900000 4.680126 0.103252
28.000000 4.673237 0.103250
28.100000 4.666621 0.103230
28.200000 4.660316 0.103188
28.300000 4.654357 0.103121
28.400000 4.648769 0.103025
28.500000 4.643574 0.102892
28.600000 4.638806 0.102717
28.700000 4.634524 0.102501
28.800000 4.630817 0.102259
28.900000 4.627793 0.102013
29.000000 4.625580 0.101798
29.100000 4.624295 0.101651
29.200000 4.623994 0.101595
29.300000 4.624651 0.101630
29.400000 4.626155 0.101733
29.500000 4.628334 0.101868
29.600000 4.631001 0.101991
29.700000 4.633984 0.102069
29.800000 4.637134 0.102083
29.900000 4.640316 0.102023
30.000000 4.643406 0.101889
30.100000 4.646302 0.101684
30.200000 4.648926 0.101422
30.300000 4.651218 0.101121
30.400000 4.653127 0.100802
30.500000 4.654614 0.100492
30.600000 4.655648 0.100214
30.700000 4.656219 0.099987
30.800000 4.656337 0.099822
30.900000 4.656023 0.099725
31.000000 4.655307 0.099693
31.100000 4.654221 0.099721
31.200000 4.652787 0.099799
31.300000 4.651007 0.099912
31.400000 4.648885 0.100039
31.500000 4.646426 0.100163
31.600000 4.643651 0.100266
31.700000 4.640584 0.100341
31.800000 4.637265 0.100383
31.900000 4.633749 0.100393
32.000000 4.630100 0.100371
32.100000 4.626382 0.100317
32.200000 4.622646 0.100233
32.300000 4.618928 0.100121
32.400000 4.615251 0.099990
32.500000 4.611636 0.099852
32.600000 4.608190 0.099926
32.700000 4.604967 0.099984
32.800000 4.602103 0.100394
32.900000 4.599925 0.101067
33.000000 4.597676 0.101221
33.100000 4.595530 0.101459
33.200000 4.593664 0.101667
33.300000 4.591804 0.101791
33.400000 4.589788 0.101947
33.500000 4.588237 0.101670
33.600000 4.586155 0.101902
33.700000 4.584498 0.101758
33.800000 4.582227 0.101939
33.900000 4.579744 0.102517
34.000000 4.578040 0.101956
34.100000 4.575033 0.102686
34.200000 4.571618 0.103002
34.300000 4.568945 0.103107
34.400000 4.566355 0.103144
34.500000 4.563514 0.103244
34.600000 4.559989 0.103661
34.700000 4.554591 0.104826
34.800000 4.547724 0.105833
34.900000 4.543171 0.105733
35.000000 4.538927 0.105547
35.100000 4.534756 0.105539
35.200000 4.530134 0.105449
35.300000 4.525098 0.105423
35.400000 4.519409 0.104691
35.500000 4.513190 0.104758
35.600000 4.506414 0.104714
35.700000 4.499067 0.104855
35.800000 4.491145 0.105207
35.900000 4.482682 0.105240
36.000000 4.473891 0.105534
36.100000 4.464751 0.105754
36.200000 4.455393 0.105787
36.300000 4.445919 0.105837
36.400000 4.436418 0.106005
36.500000 4.426960 0.106073
36.600000 4.417708 0.106044
36.700000 4.408859 0.105927
36.800000 4.400617 0.105740
36.900000 4.393182 0.105508
37.000000 4.386746 0.105259
37.100000 4.381487 0.105028
37.200000 4.377558 0.104847
37.300000 4.375081 0.104748
37.400000 4.374151 0.104759
37.500000 4.374833 0.104898
37.600000 4.377162 0.105172
37.700000 4.381148 0.105574
37.800000 4.386768 0.106085
37.900000 4.393966 0.106666
38.000000 4.402653 0.107275
38.100000 4.412703 0.107862
38.200000 4.423948 0.108379
38.300000 4.436189 0.108787
38.400000 4.449200 0.109057
38.500000 4.462743 0.109175
38.600000 4.476573 0.109141
38.700000 4.490452 0.108964
38.800000 4.504155 0.108661
38.900000 4.517482 0.108254
39.000000 4.530256 0.107765
39.100000 4.542329 0.107217
39.200000 4.553577 0.106631
39.300000 4.563897 0.106033
39.400000 4.573203 0.105446
39.500000 4.581431 0.104897
39.600000 4.588537 0.104406
39.700000 4.594512 0.103989
39.800000 4.599385 0.103651
39.900000 4.603212 0.103389
40.000000 4.606085 0.103195
40.100000 4.608111 0.103056
40.200000 4.609417 0.102955
40.300000 4.610137 0.102874
40.400000 4.610403 0.102798
40.500000 4.610340 0.102717
40.600000 4.610054 0.102630
40.700000 4.609630 0.102536
40.800000 4.609129 0.102438
40.900000 4.608589 0.102341
41.000000 4.608031 0.102248
41.100000 4.607459 0.102163
41.200000 4.606858 0.102090
41.300000 4.606197 0.102033
41.400000 4.605437 0.101997
41.500000 4.604540 0.101987
41.600000 4.603466 0.102004
41.700000 4.602175 0.102052
41.800000 4.600638 0.102128
41.900000 4.598833 0.102233
42.000000 4.596755 0.102362
42.100000 4.594408 0.102513
42.200000 4.591813 0.102678
42.300000 4.589003 0.102854
42.400000 4.586021 0.103035
42.500000 4.582920 0.103214
42.600000 4.579757 0.103384
42.700000 4.576588 0.103536
42.800000 4.573462 0.103659
42.900000 4.570419 0.103743
43.000000 4.567481 0.103782
43.100000 4.564651 0.103778
43.200000 4.561905 0.103736
43.300000 4.559196 0.103664
43.400000 4.556463 0.103570
43.500000 4.553641 0.103465
43.600000 4.550653 0.103353
43.700000 4.547402 0.103246
43.800000 4.543774 0.103159
43.900000 4.539639 0.103118
44.000000 4.534866 0.103150
44.100000 4.529341 0.103276
44.200000 4.522976 0.103505
44.300000 4.515704 0.103834
44.400000 4.507480 0.104251
44.500000 4.498282 0.104738
44.600000 4.488115 0.105271
44.700000 4.477019 0.105820
44.800000 4.465064 0.106358
44.900000 4.452338 0.106858
45.000000 4.438952 0.107295
45.100000 4.425039 0.107642
45.200000 4.410761 0.107872
45.300000 4.396320 0.107962
45.400000 4.381945 0.107900
45.500000 4.367881 0.107683
45.600000 4.354373 0.107319
45.700000 4.341653 0.106829
45.800000 4.329944 0.106245
45.900000 4.319452 0.105608
46.000000 4.310373 0.104968
46.100000 4.302882 0.104381
46.200000 4.297130 0.103902
46.300000 4.293236 0.103584
46.400000 4.291294 0.103469
46.500000 4.291356 0.103581
46.600000 4.293421 0.103921
46.700000 4.297447 0.104467
46.800000 4.303349 0.105179
46.900000 4.311011 0.106007
47.000000 4.320286 0.106894
47.100000 4.331014 0.107786
47.200000 4.343016 0.108632
47.300000 4.356102 0.109393
47.400000 4.370082 0.110040
47.500000 4.384767 0.110551
47.600000 4.399973 0.110917
47.700000 4.415523 0.111132
47.800000 4.431248 0.111200
47.900000 4.446986 0.111129
48.000000 4.461741 0.111344
48.100000 4.476630 0.111265
48.200000 4.490777 0.111367
48.300000 4.504201 0.111502
48.400000 4.516584 0.111800
48.500000 4.528038 0.112012
48.600000 4.538885 0.111531
48.700000 4.548800 0.111038
48.800000 4.558048 0.109856
48.900000 4.566325 0.108269
49.000000 4.573417 0.106974
49.100000 4.579271 0.105802
49.200000 4.584045 0.104531
49.300000 4.587592 0.103667
49.400000 4.590091 0.102740
49.500000 4.591376 0.102532
49.600000 4.591698 0.102410
49.700000 4.591084 0.102477
49.800000 4.589624 0.102585
49.900000 4.587384 0.102578
50.000000 4.584355 0.102746
50.100000 4.580634 0.102623
50.200000 4.576171 0.102823
50.300000 4.571040 0.103035
50.400000 4.565272 0.103255
50.500000 4.558897 0.103480
50.600000 4.551951 0.103707
50.700000 4.544481 0.103934
50.800000 4.536541 0.104163
50.900000 4.528193 0.104398
51.000000 4.519499 0.104643
51.100000 4.510525 0.104899
51.200000 4.501324 0.105164
51.300000 4.491936 0.105428
51.400000 4.482393 0.105683
51.500000 4.472740 0.105916
51.600000 4.463033 0.106119
51.700000 4.453342 0.106282
51.800000 4.443740 0.106399
51.900000 4.434300 0.106467
52.000000 4.425080 0.106484
52.100000 4.416125 0.106450
52.200000 4.407471 0.106364
52.300000 4.399147 0.106227
52.400000 4.391177 0.106046
52.500000 4.383581 0.105832
52.600000 4.376389 0.105596
52.700000 4.369641 0.105352
52.800000 4.363387 0.105108
52.900000 4.357685 0.104871
53.000000 4.352604 0.104643
53.100000 4.348211 0.104426
53.200000 4.344568 0.104221
53.300000 4.341735 0.104031
53.400000 4.339765 0.103864
53.500000 4.338700 0.103731
53.600000 4.338585 0.103648
53.700000 4.339452 0.103633
53.800000 4.341322 0.103701
53.900000 4.344203 0.103861
54.000000 4.348077 0.104111
54.100000 4.352904 0.104435
54.200000 4.358610 0.104803
54.300000 4.365085 0.105178
54.400000 4.372184 0.105515
54.500000 4.379733 0.105767
54.600000 4.387550 0.105904
54.700000 4.395449 0.105908
54.800000 4.403243 0.105779
54.900000 4.410769 0.105535
55.000000 4.417893 0.105204
55.100000 4.424506 0.104821
55.200000 4.430523 0.104423
55.300000 4.435879 0.104042
55.400000 4.440514 0.103699
55.500000 4.444368 0.103407
55.600000 4.447386 0.103169
55.700000 4.449517 0.102981
55.800000 4.450726 0.102839
55.900000 4.450979 0.102740
56.000000 4.450250 0.102680
56.100000 4.448527 0.102659
56.200000 4.445815 0.102677
56.300000 4.442126 0.102732
56.400000 4.437490 0.102821
56.500000 4.431954 0.102942
56.600000 4.425585 0.103094
56.700000 4.418466 0.103275
56.800000 4.410691 0.103487
56.900000 4.402357 0.103735
57.000000 4.393562 0.104025
57.100000 4.384402 0.104366
57.200000 4.374980 0.104761
57.300000 4.365399 0.105217
57.400000 4.355760 0.105741
57.500000 4.346166 0.106336
57.600000 4.336719 0.107004
57.700000 4.331776 0.114360
57.800000 4.325674 0.118381
57.900000 4.319544 0.120296
58.000000 4.311992 0.119339
58.100000 4.304889 0.117175
58.200000 4.298005 0.114810
58.300000 4.291662 0.112558
58.400000 4.286054 0.110711
58.500000 4.281914 0.110230
58.600000 4.278491 0.109629
58.700000 4.276122 0.108883
58.800000 4.274985 0.108427
58.900000 4.275005 0.108291
59.000000 4.276096 0.108262
59.100000 4.278219 0.108325
59.200000 4.281316 0.108453
59.300000 4.285314 0.108614
59.400000 4.290125 0.108781
59.500000 4.295660 0.108934
59.600000 4.301833 0.109060
59.700000 4.308566 0.109153
59.800000 4.315790 0.109211
59.900000 4.323447 0.109239
60.000000 4.331493 0.109242
60.100000 4.339886 0.109224
60.200000 4.348582 0.109188
60.300000 4.357539 0.109133
60.400000 4.366719 0.109059
60.500000 4.376078 0.108970
60.600000 4.385570 0.108874
60.700000 4.395151 0.108787
60.800000 4.404803 0.108720
60.900000 4.414537 0.108686
61.000000 4.424376 0.108700
61.100000 4.434351 0.108771
61.200000 4.444499 0.108902
61.300000 4.454859 0.109093
61.400000 4.465468 0.109340
61.500000 4.476352 0.109634
61.600000 4.487532 0.109957
61.700000 4.499019 0.110284
61.800000 4.510803 0.110583
61.900000 4.522847 0.110823
62.000000 4.535085 0.110976
62.100000 4.547427 0.111022
62.200000 4.559772 0.110951
62.300000 4.572006 0.110759
62.400000 4.584005 0.110452
62.500000 4.595642 0.110040
62.600000 4.606788 0.109541
62.700000 4.617326 0.108975
62.800000 4.627151 0.108361
62.900000 4.636174 0.107723
63.000000 4.644323 0.107080
63.100000 4.651538 0.106457
63.200000 4.657775 0.105874
63.300000 4.663008 0.105349
63.400000 4.667235 0.104895
63.500000 4.670472 0.104521
63.600000 4.672761 0.104230
63.700000 4.674162 0.104023
63.800000 4.674756 0.103894
63.900000 4.674632 0.103835
64.000000 4.673893 0.103837
64.100000 4.672650 0.103891
64.200000 4.671019 0.103988
64.300000 4.669110 0.104119
64.400000 4.667024 0.104275
64.500000 4.664838 0.104449
64.600000 4.662612 0.104636
64.700000 4.660375 0.104830
64.800000 4.658131 0.105023
64.900000 4.655862 0.105208
65.000000 4.653553 0.105376
65.100000 4.651199 0.105522
65.200000 4.648799 0.105638
65.300000 4.646364 0.105722
65.400000 4.643917 0.105773
65.500000 4.641479 0.105794
65.600000 4.639061 0.105790
65.700000 4.636669 0.105762
65.800000 4.634312 0.105715
65.900000 4.632000 0.105656
66.000000 4.629745 0.105590
66.100000 4.627562 0.105526
66.200000 4.625451 0.105474
66.300000 4.623397 0.105440
66.400000 4.621370 0.105433
66.500000 4.619338 0.105456
66.600000 4.617257 0.105506
66.700000 4.615078 0.105583
66.800000 4.612748 0.105688
66.900000 4.610217 0.105819
67.000000 4.607447 0.105976
67.100000 4.604396 0.106155
67.200000 4.601023 0.106354
67.300000 4.597290 0.106571
67.400000 4.593149 0.106802
67.500000 4.588550 0.107041
67.600000 4.583445 0.107289
67.700000 4.577786 0.107545
67.800000 4.571523 0.107810
67.900000 4.564606 0.108089
68.000000 4.556977 0.108385
68.100000 4.548590 0.108700
68.200000 4.539411 0.109030
68.300000 4.529423 0.109372
68.400000 4.518621 0.109725
68.500000 4.507001 0.110094
68.600000 4.494560 0.110488
68.700000 4.481291 0.110920
68.800000 4.467192 0.111400
68.900000 4.452263 0.111933
69.000000 4.436515 0.112524
69.100000 4.419973 0.113169
69.200000 4.402684 0.113849
69.300000 4.384705 0.114537
69.400000 4.366096 0.115200
69.500000 4.346924 0.115800
69.600000 4.327280 0.116294
69.700000 4.307264 0.116633
69.800000 4.287003 0.116771
69.900000 4.266667 0.116669
70.000000 4.246478 0.116302
70.100000 4.226717 0.115675
70.200000 4.207720 0.114817
70.300000 4.189846 0.113774
70.400000 4.173452 0.112618
70.500000 4.158866 0.111431
70.600000 4.146359 0.110301
70.700000 4.136143 0.109306
70.800000 4.128360 0.108508
70.900000 4.123082 0.107943
71.000000 4.120327 0.107626
71.100000 4.120072 0.107551
71.200000 4.122281 0.107707
71.300000 4.126885 0.108064
71.400000 4.133778 0.108578
71.500000 4.142805 0.109186
71.600000 4.153753 0.109815
71.700000 4.166345 0.110389
71.800000 4.180264 0.110830
71.900000 4.195157 0.111084
72.000000 4.210654 0.111115
72.100000 4.226358 0.110906
72.200000 4.241847 0.110464
72.300000 4.256687 0.109820
72.400000 4.270454 0.109040
72.500000 4.282743 0.108215
72.600000 4.293203 0.107450
72.700000 4.301552 0.106841
72.800000 4.307592 0.106452
72.900000 4.311216 0.106308
73.000000 4.312412 0.106391
73.100000 4.311231 0.106656
73.200000 4.307775 0.107042
73.300000 4.302188 0.107483
73.400000 4.294616 0.107927
73.500000 4.285185 0.108338
73.600000 4.274009 0.108707
73.700000 4.261181 0.109047
73.800000 4.246773 0.109386
73.900000 4.230850 0.109755
74.000000 4.213469 0.110180
74.100000 4.194687 0.110664
74.200000 4.174588 0.111195
74.300000 4.153299 0.111736
74.400000 4.130998 0.112243
74.500000 4.107934 0.112660
74.600000 4.084411 0.112935
74.700000 4.060763 0.113021
74.800000 4.037354 0.112887
74.900000 4.014567 0.112512
75.000000 3.992800 0.111896
75.100000 3.972452 0.111066
75.200000 3.953905 0.110077
75.300000 3.937500 0.109011
75.400000 3.923541 0.107969
75.500000 3.912257 0.107057
75.600000 3.903787 0.106361
75.700000 3.898163 0.105937
75.800000 3.895333 0.105803
75.900000 3.895157 0.105938
76.000000 3.897441 0.106295
76.100000 3.901959 0.106820
76.200000 3.908470 0.107456
76.300000 3.916723 0.108149
76.400000 3.926460 0.108851
76.500000 3.937437 0.109522
76.600000 3.949425 0.110132
76.700000 3.962214 0.110656
76.800000 3.975608 0.111074
76.900000 3.989419 0.111371
77.000000 4.003457 0.111531
77.100000 4.017523 0.111547
77.200000 4.031404 0.111419
77.300000 4.044877 0.111155
77.400000 4.057727 0.110772
77.500000 4.069748 0.110289
77.600000 4.080756 0.109734
77.700000 4.090602 0.109135
77.800000 4.099179 0.108524
77.900000 4.106414 0.107936
78.000000 4.112270 0.107398
78.100000 4.116747 0.106936
78.200000 4.119874 0.106572
78.300000 4.121699 0.106322
78.400000 4.122285 0.106195
78.500000 4.121708 0.106187
78.600000 4.120062 0.106287
78.700000 4.117445 0.106475
78.800000 4.113960 0.106730
78.900000 4.109706 0.107028
79.000000 4.104780 0.107349
79.100000 4.099277 0.107677
79.200000 4.093291 0.107998
79.300000 4.086910 0.108305
79.400000 4.080209 0.108597
79.500000 4.073254 0.108885
79.600000 4.066110 0.109184
79.700000 4.058830 0.109510
79.800000 4.051445 0.109871
79.900000 4.043944 0.110268
80.000000 4.036290 0.110693
80.100000 4.028440 0.111134
80.200000 4.020364 0.111572
80.300000 4.012036 0.111988
80.400000 4.003430 0.112358
80.500000 3.994512 0.112663
80.600000 3.985266 0.112890
80.700000 3.975700 0.113037
80.800000 3.965843 0.113115
80.900000 3.955718 0.113130
81.000000 3.945345 0.113080
81.100000 3.934736 0.112958
81.200000 3.923918 0.112760
81.300000 3.912931 0.112486
81.400000 3.901819 0.112137
81.500000 3.890636 0.111710
81.600000 3.879453 0.111202
81.700000 3.868345 0.110616
81.800000 3.857383 0.109968
81.900000 3.846642 0.109281
82.000000 3.836204 0.108588
82.100000 3.826140 0.107920
82.200000 3.816476 0.107311
82.300000 3.807206 0.106790
82.400000 3.798297 0.106383
82.500000 3.789689 0.106104
82.600000 3.781298 0.105957
82.700000 3.773012 0.105935
82.800000 3.764721 0.106025
82.900000 3.756329 0.106210
83.000000 3.747758 0.106464
83.100000 3.738959 0.106763
83.200000 3.729920 0.107079
83.300000 3.720667 0.107385
83.400000 3.711257 0.107656
83.500000 3.701769 0.107873
83.600000 3.692298 0.108020
83.700000 3.682954 0.108086
83.800000 3.673866 0.108055
83.900000 3.665177 0.107920
84.000000 3.657046 0.107675
84.100000 3.649647 0.107331
84.200000 3.643145 0.106906
84.300000 3.637697 0.106427
84.400000 3.633467 0.105935
84.500000 3.630624 0.105485
84.600000 3.629351 0.105144
84.700000 3.629829 0.104987
84.800000 3.632230 0.105080
84.900000 3.636697 0.105466
85.000000 3.643328 0.106155
85.100000 3.652156 0.107115
85.200000 3.663129 0.108276
85.300000 3.676113 0.109543
85.400000 3.690913 0.110809
85.500000 3.707294 0.111970
85.600000 3.725008 0.112939
85.700000 3.743814 0.113661
85.800000 3.763508 0.114120
85.900000 3.783915 0.114338
86.000000 3.804880 0.114366
86.100000 3.826256 0.114281
86.200000 3.847917 0.114173
86.300000 3.869752 0.114129
86.400000 3.891667 0.114211
86.500000 3.913594 0.114447
86.600000 3.935469 0.114829
86.700000 3.957220 0.115322
86.800000 3.978775 0.115873
86.900000 4.000066 0.116421
87.000000 4.021039 0.116906
87.100000 4.041644 0.117267
87.200000 4.061838 0.117459
87.300000 4.081591 0.117446
87.400000 4.100873 0.117208
87.500000 4.119622 0.116754
87.600000 4.137743 0.116109
87.700000 4.155133 0.115309
87.800000 4.171669 0.114392
87.900000 4.187224 0.113393
88.000000 4.201659 0.112346
88.100000 4.214835 0.111284
88.200000 4.226604 0.110242
88.300000 4.236826 0.109260
88.400000 4.245368 0.108382
88.500000 4.252109 0.107656
88.600000 4.256954 0.107133
88.700000 4.259841 0.106853
88.800000 4.260754 0.106851
88.900000 4.259732 0.107139
89.000000 4.256880 0.107709
89.100000 4.252367 0.108519
89.200000 4.246404 0.109507
89.300000 4.239193 0.110601
89.400000 4.230919 0.111736
89.500000 4.221748 0.112852
89.600000 4.211810 0.113902
89.700000 4.201201 0.114851
89.800000 4.190002 0.115668
89.900000 4.178279 0.116335
90.000000 4.166096 0.116839
90.100000 4.153519 0.117168
90.200000 4.140635 0.117313
90.300000 4.127543 0.117257
90.400000 4.114350 0.116985
90.500000 4.101168 0.116491
90.600000 4.088117 0.115780
90.700000 4.075329 0.114876
90.800000 4.062945 0.113818
90.900000 4.051110 0.112664
91.000000 4.039966 0.111482
91.100000 4.029629 0.110341
91.200000 4.020182 0.109303
91.300000 4.011666 0.108411
91.400000 4.004081 0.107685
91.500000 3.997389 0.107119
91.600000 3.991528 0.106696
91.700000 3.986416 0.106389
91.800000 3.981963 0.106177
91.900000 3.978079 0.106043
92.000000 3.974687 0.105976
92.100000 3.971716 0.105970
92.200000 3.969095 0.106026
92.300000 3.966759 0.106146
92.400000 3.964655 0.106329
92.500000 3.962731 0.106573
92.600000 3.960926 0.106874
92.700000 3.959192 0.107220
92.800000 3.957491 0.107587
92.900000 3.955784 0.107944
93.000000 3.954025 0.108274
93.100000 3.952145 0.108569
93.200000 3.950076 0.108832
93.300000 3.947754 0.109067
93.400000 3.945109 0.109290
93.500000 3.942075 0.109513
93.600000 3.938607 0.109743
93.700000 3.934675 0.109980
93.800000 3.930245 0.110224
93.900000 3.925279 0.110475
94.000000 3.919752 0.110734
94.100000 3.913658 0.110997
94.200000 3.907012 0.111260
94.300000 3.899839 0.111517
94.400000 3.892161 0.111768
94.500000 3.884002 0.112012
94.600000 3.875388 0.112252
94.700000 3.866346 0.112485
94.800000 3.856910 0.112705
94.900000 3.847116 0.112896
95.000000 3.837005 0.113037
95.100000 3.826631 0.113110
95.200000 3.816062 0.113100
95.300000 3.805375 0.112990
95.400000 3.794662 0.112771
95.500000 3.784035 0.112440
95.600000 3.773621 0.112002
95.700000 3.763548 0.111475
95.800000 3.753927 0.110880
95.900000 3.744852 0.110244
96.000000 3.736396 0.109594
96.100000 3.728613 0.108955
96.200000 3.721544 0.108349
96.300000 3.715214 0.107795
96.400000 3.709640 0.107301
96.500000 3.704827 0.106874
96.600000 3.700771 0.106514
96.700000 3.697463 0.106220
96.800000 3.694882 0.105989
96.900000 3.693001 0.105817
97.000000 3.691791 0.105699
97.100000 3.691218 0.105632
97.200000 3.691254 0.105616
97.300000 3.691865 0.105647
97.400000 3.693012 0.105716
97.500000 3.694650 0.105817
97.600000 3.696721 0.105936
97.700000 3.699157 0.106059
97.800000 3.701885 0.106170
97.900000 3.704835 0.106258
98.000000 3.707931 0.106312
98.100000 3.711108 0.106329
98.200000 3.714308 0.106307
98.300000 3.717474 0.106251
98.400000 3.720558 0.106169
98.500000 3.723504 0.106069
98.600000 3.726255 0.105961
98.700000 3.728775 0.105850
98.800000 3.731041 0.105740
98.900000 3.733035 0.105632
99.000000 3.734755 0.105523
99.100000 3.736213 0.105414
99.200000 3.737427 0.105309
99.300000 3.738417 0.105212
99.400000 3.739214 0.105127
99.500000 3.739846 0.105058
99.600000 3.740336 0.105007
99.700000 3.740709 0.104974
99.800000 3.740989 0.104960
99.900000 3.741194 0.104959
100.000000 3.741343 0.104966
100.100000 3.741468 0.104976
100.200000 3.741608 0.104990
100.300000 3.741804 0.105007
100.400000 3.742092 0.105031
100.500000 3.742486 0.105059
100.600000 3.742999 0.105089
100.700000 3.743622 0.105120
100.800000 3.744333 0.105150
100.900000 3.745088 0.105177
101.000000 3.745829 0.105195
101.100000 3.746496 0.105201
101.200000 3.747018 0.105198
101.300000 3.747327 0.105196
101.400000 3.747345 0.105204
101.500000 3.747018 0.105234
101.600000 3.746316 0.105296
101.700000 3.745220 0.105397
101.800000 3.743728 0.105540
101.900000 3.741845 0.105723
102.000000 3.739579 0.105935
102.100000 3.736956 0.106160
102.200000 3.734046 0.106380
102.300000 3.730961 0.106578
102.400000 3.727840 0.106737
102.500000 3.724853 0.106848
102.600000 3.722189 0.106908
102.700000 3.720047 0.106925
102.800000 3.718644 0.106922
102.900000 3.718200 0.106939
103.000000 3.718928 0.107027
103.100000 3.721026 0.107242
103.200000 3.724681 0.107634
103.300000 3.730048 0.108238
103.400000 3.737227 0.109052
103.500000 3.746244 0.110041
103.600000 3.757055 0.111139
103.700000 3.769550 0.112258
103.800000 3.783561 0.113300
103.900000 3.798853 0.114173
104.000000 3.815133 0.114800
104.100000 3.832063 0.115134
104.200000 3.849286 0.115156
104.300000 3.866448 0.114872
104.400000 3.883223 0.114311
104.500000 3.899311 0.113516
104.600000 3.914454 0.112550
104.700000 3.928433 0.111478
104.800000 3.941073 0.110371
104.900000 3.952254 0.109289
105.000000 3.961905 0.108281
105.100000 3.969992 0.107384
105.200000 3.976519 0.106620
105.300000 3.981517 0.105991
105.400000 3.985049 0.105491
105.500000 3.987198 0.105104
105.600000 3.988053 0.104818
105.700000 3.987713 0.104622
105.800000 3.986274 0.104503
105.900000 3.983833 0.104455
106.000000 3.980483 0.104477
106.100000 3.976302 0.104568
106.200000 3.971366 0.104728
106.300000 3.965752 0.104955
106.400000 3.959539 0.105242
106.500000 3.952814 0.105573
106.600000 3.945678 0.105927
106.700000 3.938245 0.106280
106.800000 3.930644 0.106601
106.900000 3.923025 0.106860
107.000000 3.915555 0.107031
107.100000 3.908417 0.107098
107.200000 3.901805 0.107062
107.300000 3.895922 0.106937
107.400000 3.890980 0.106759
107.500000 3.887200 0.106577
107.600000 3.884801 0.106451
107.700000 3.883990 0.106448
107.800000 3.884949 0.106627
107.900000 3.887805 0.107030
108.000000 3.892621 0.107670
108.100000 3.899399 0.108528
108.200000 3.908090 0.109564
108.300000 3.918591 0.110719
108.400000 3.930747 0.111918
108.500000 3.944363 0.113079
108.600000 3.959202 0.114122
108.700000 3.974984 0.114972
108.800000 3.991407 0.115574
108.900000 4.008164 0.115887
109.000000 4.024942 0.115898
109.100000 4.041450 0.115610
109.200000 4.057417 0.115045
109.300000 4.072601 0.114242
109.400000 4.086785 0.113250
109.500000 4.099776 0.112130
109.600000 4.111412 0.110951
109.700000 4.121574 0.109784
109.800000 4.130175 0.108696
109.900000 4.137170 0.107744
110.000000 4.142549 0.106972
110.100000 4.146329 0.106403
110.200000 4.148549 0.106042
110.300000 4.149269 0.105878
110.400000 4.148570 0.105890
110.500000 4.146545 0.106047
110.600000 4.143305 0.106313
110.700000 4.138974 0.106654
110.800000 4.133686 0.107035
110.900000 4.127576 0.107420
111.000000 4.120766 0.107782
111.100000 4.113355 0.108104
111.200000 4.105433 0.108380
111.300000 4.097080 0.108611
111.400000 4.088376 0.108805
111.500000 4.079388 0.108973
111.600000 4.070167 0.109125
111.700000 4.060746 0.109269
111.800000 4.051149 0.109415
111.900000 4.041383 0.109568
112.000000 4.031442 0.109720
112.100000 4.021328 0.109872
112.200000 4.011048 0.110020
112.300000 4.000613 0.110161
112.400000 3.990040 0.110292
112.500000 3.979344 0.110409
112.600000 3.968545 0.110511
112.700000 3.957662 0.110597
112.800000 3.946720 0.110673
112.900000 3.935742 0.110746
113.000000 3.924749 0.110826
113.100000 3.913764 0.110918
113.200000 3.902805 0.111025
113.300000 3.891890 0.111140
113.400000 3.881042 0.111252
113.500000 3.870286 0.111349
113.600000 3.859657 0.111415
113.700000 3.849198 0.111438
113.800000 3.838967 0.111405
113.900000 3.829024 0.111309
114.000000 3.819420 0.111154
114.100000 3.810200 0.110956
114.200000 3.801407 0.110735
114.300000 3.793076 0.110513
114.400000 3.785238 0.110311
114.500000 3.778502 0.110908
114.600000 3.772396 0.111700
114.700000 3.766215 0.111731
114.800000 3.760553 0.111811
114.900000 3.755390 0.111952
115.000000 3.751398 0.113306
115.100000 3.747629 0.114746
115.200000 3.746411 0.118394
115.300000 3.744141 0.120844
115.400000 3.741973 0.123264
115.500000 3.741290 0.127700
115.600000 3.740179 0.131127
115.700000 3.737645 0.132153
115.800000 3.734006 0.133327
115.900000 3.729714 0.133997
116.000000 3.724733 0.134700
116.100000 3.720310 0.136701
116.200000 3.715224 0.137873
116.300000 3.710388 0.137968
116.400000 3.705117 0.136963
116.500000 3.698063 0.136650
116.600000 3.690276 0.136623
116.700000 3.681703 0.136680
116.800000 3.672324 0.137083
116.900000 3.662858 0.135734
117.000000 3.652372 0.135529
117.100000 3.641345 0.132697
117.200000 3.629233 0.132175
117.300000 3.616458 0.132126
117.400000 3.604102 0.130896
117.500000 3.591026 0.130658
117.600000 3.576708 0.131210
117.700000 3.561905 0.131708
117.800000 3.546678 0.132124
117.900000 3.531110 0.132433
118.000000 3.515293 0.132619
118.100000 3.499329 0.132673
118.200000 3.483325 0.132596
118.300000 3.467386 0.132398
118.400000 3.451611 0.132094
118.500000 3.436090 0.131705
118.600000 3.420894 0.131252
118.700000 3.406077 0.130754
118.800000 3.391670 0.130229
118.900000 3.377697 0.129694
119.000000 3.364174 0.129160
119.100000 3.351114 0.128635
119.200000 3.338531 0.128125
119.300000 3.326439 0.127633
119.400000 3.314856 0.127163
119.500000 3.303788 0.126720
119.600000 3.293239 0.126304
119.700000 3.283201 0.125918
119.800000 3.273661 0.125564
119.900000 3.264609 0.125240
120.000000 3.256035 0.124948
120.100000 3.247928 0.124687
120.200000 3.240276 0.124458
120.300000 3.233062 0.124257
120.400000 3.226266 0.124083
120.500000 3.219865 0.123934
120.600000 3.213834 0.123809
120.700000 3.208146 0.123704
120.800000 3.202769 0.123618
120.900000 3.197677 0.123547
121.000000 3.192844 0.123489
121.100000 3.188244 0.123439
121.200000 3.183854 0.123391
121.300000 3.179653 0.123342
121.400000 3.175623 0.123287
121.500000 3.171754 0.123223
121.600000 3.168042 0.123143
121.700000 3.164489 0.123046
121.800000 3.161104 0.122926
121.900000 3.157891 0.122785
122.000000 3.154854 0.122623
122.100000 3.151985 0.122444
122.200000 3.149272 0.122254
122.300000 3.146697 0.122059
122.400000 3.144246 0.121866
122.500000 3.141901 0.121681
122.600000 3.139643 0.121510
122.700000 3.137443 0.121360
122.800000 3.135271 0.121235
122.900000 3.133099 0.121139
123.000000 3.130903 0.121071
123.100000 3.128662 0.121031
123.200000 3.126358 0.121015
123.300000 3.123980 0.121018
123.400000 3.121519 0.121036
123.500000 3.118970 0.121064
123.600000 3.116328 0.121098
123.700000 3.113592 0.121132
123.800000 3.110762 0.121161
123.900000 3.107841 0.121179
124.000000 3.104836 0.121183
124.100000 3.101757 0.121168
124.200000 3.098619 0.121134
124.300000 3.095436 0.121077
124.400000 3.092223 0.120996
124.500000 3.088991 0.120890
124.600000 3.085752 0.120764
124.700000 3.082516 0.120621
124.800000 3.079288 0.120469
124.900000 3.076072 0.120313
125.000000 3.072870 0.120160
125.100000 3.069683 0.120019
125.200000 3.066509 0.119895
125.300000 3.063347 0.119793
125.400000 3.060198 0.119718
125.500000 3.057067 0.119673
125.600000 3.053960 0.119658
125.700000 3.050891 0.119673
125.800000 3.047872 0.119718
125.900000 3.044922 0.119790
126.000000 3.042066 0.119888
126.100000 3.039330 0.120008
126.200000 3.036743 0.120147
126.300000 3.034338 0.120301
126.400000 3.032148 0.120467
126.500000 3.030209 0.120640
126.600000 3.028560 0.120819
126.700000 3.027244 0.121001
126.800000 3.026313 0.121184
126.900000 3.025821 0.121368
127.000000 3.025824 0.121556
127.100000 3.026370 0.121749
127.200000 3.027505 0.121952
127.300000 3.029280 0.122169
127.400000 3.031747 0.122403
127.500000 3.034958 0.122657
127.600000 3.038950 0.122930
127.700000 3.043739 0.123217
127.800000 3.049328 0.123506
127.900000 3.055701 0.123786
128.000000 3.062842 0.124048
128.100000 3.070728 0.124283
128.200000 3.079337 0.124488
128.300000 3.088648 0.124665
128.400000 3.098647 0.124820
128.500000 3.109328 0.124963
128.600000 3.120700 0.125103
128.700000 3.132774 0.125251
128.800000 3.145562 0.125414
128.900000 3.159073 0.125598
129.000000 3.173318 0.125802
129.100000 3.188299 0.126022
129.200000 3.203998 0.126240
129.300000 3.220375 0.126437
129.400000 3.237372 0.126586
129.500000 3.254907 0.126664
129.600000 3.272877 0.126647
129.700000 3.291159 0.126517
129.800000 3.309620 0.126265
129.900000 3.328117 0.125886
130.000000 3.346504 0.125389
130.100000 3.364642 0.124789
130.200000 3.382409 0.124110
130.300000 3.399716 0.123387
130.400000 3.416501 0.122658
130.500000 3.432739 0.121960
130.600000 3.448449 0.121325
130.700000 3.463683 0.120776
130.800000 3.478523 0.120334
130.900000 3.493075 0.120009
131.000000 3.507467 0.119806
131.100000 3.521824 0.119717
131.200000 3.536257 0.119728
131.300000 3.550864 0.119826
131.400000 3.565724 0.119998
131.500000 3.580910 0.120235
131.600000 3.596500 0.120529
131.700000 3.612569 0.120868
131.800000 3.629185 0.121235
131.900000 3.646404 0.121608
132.000000 3.664265 0.121961
132.100000 3.682785 0.122266
132.200000 3.701946 0.122499
132.300000 3.721708 0.122638
132.400000 3.742008 0.122665
132.500000 3.762769 0.122572
132.600000 3.783910 0.122358
132.700000 3.805355 0.122036
132.800000 3.827045 0.121631
132.900000 3.848950 0.121173
133.000000 3.871077 0.120696
133.100000 3.893460 0.120229
133.200000 3.916154 0.119798
133.300000 3.939233 0.119419
133.400000 3.962777 0.119103
133.500000 3.986864 0.118855
133.600000 4.011552 0.118676
133.700000 4.036886 0.118567
133.800000 4.062902 0.118528
133.900000 4.089619 0.118549
134.000000 4.117024 0.118611
134.100000 4.145050 0.118696
134.200000 4.173566 0.118796
134.300000 4.202402 0.118905
134.400000 4.231373 0.119020
134.500000 4.260301 0.119141
134.600000 4.289040 0.119268
134.700000 4.317491 0.119404
134.800000 4.345594 0.119553
134.900000 4.373324 0.119718
135.000000 4.400695 0.119907
135.100000 4.427755 0.120124
135.200000 4.454571 0.120367
135.300000 4.481203 0.120633
135.400000 4.507691 0.120910
135.500000 4.534057 0.121188
135.600000 4.560301 0.121452
135.700000 4.586400 0.121689
135.800000 4.612303 0.121884
135.900000 4.637931 0.122023
136.000000 4.663186 0.122091
136.100000 4.687950 0.122079
136.200000 4.712100 0.121985
136.300000 4.735516 0.121815
136.400000 4.758090 0.121587
136.500000 4.779739 0.121316
136.600000 4.800409 0.121018
136.700000 4.820050 0.120699
136.800000 4.838622 0.120356
136.900000 4.856076 0.119976
137.000000 4.872346 0.119546
137.100000 4.887362 0.119060
137.200000 4.901058 0.118523
137.300000 4.913375 0.117951
137.400000 4.924279 0.117368
137.500000 4.933764 0.116801
137.600000 4.941849 0.116274
137.700000 4.948586 0.115807
137.800000 4.954063 0.115409
137.900000 4.958393 0.115082
138.000000 4.961714 0.114821
138.100000 4.964188 0.114616
138.200000 4.965987 0.114457
138.300000 4.967290 0.114333
138.400000 4.968267 0.114238
138.500000 4.969059 0.114168
138.600000 4.969769 0.114119
138.700000 4.970472 0.114086
138.800000 4.971209 0.114066
138.900000 4.971990 0.114058
139.000000 4.972793 0.114058
139.100000 4.973569 0.114064
139.200000 4.974245 0.114077
139.300000 4.974737 0.114098
139.400000 4.974973 0.114134
139.500000 4.974881 0.114189
139.600000 4.974412 0.114271
139.700000 4.973531 0.114384
139.800000 4.972228 0.114527
139.900000 4.970517 0.114701
140.000000 4.968421 0.114901
140.100000 4.965971 0.115122
140.200000 4.963217 0.115357
140.300000 4.960214 0.115601
140.400000 4.957019 0.115849
140.500000 4.953694 0.116095
140.600000 4.950297 0.116333
140.700000 4.946880 0.116554
140.800000 4.943496 0.116752
140.900000 4.940198 0.116917
141.000000 4.937043 0.117047
141.100000 4.934088 0.117137
141.200000 4.931390 0.117188
141.300000 4.929003 0.117204
141.400000 4.926968 0.117191
141.500000 4.925301 0.117156
141.600000 4.923974 0.117101
141.700000 4.922924 0.117029
141.800000 4.922089 0.116943
141.900000 4.921388 0.116847
142.000000 4.920715 0.116747
142.100000 4.919956 0.116650
142.200000 4.919016 0.116565
142.300000 4.917816 0.116504
142.400000 4.916309 0.116479
142.500000 4.914462 0.116499
142.600000 4.912263 0.116574
142.700000 4.909714 0.116715
142.800000 4.906818 0.116930
142.900000 4.903580 0.117225
143.000000 4.900001 0.117604
143.100000 4.896083 0.118060
143.200000 4.891826 0.118583
143.300000 4.887243 0.119154
143.400000 4.882346 0.119752
143.500000 4.877169 0.120355
143.600000 4.871758 0.120948
143.700000 4.866171 0.121516
143.800000 4.860471 0.122049
143.900000 4.854718 0.122542
144.000000 4.848965 0.122988
144.100000 4.843263 0.123389
144.200000 4.837655 0.123747
144.300000 4.832174 0.124066
144.400000 4.826843 0.124349
144.500000 4.821679 0.124600
144.600000 4.816695 0.124826
144.700000 4.811902 0.125036
144.800000 4.807303 0.125241
144.900000 4.802895 0.125447
145.000000 4.798669 0.125665
145.100000 4.794612 0.125901
145.200000 4.790706 0.126164
145.300000 4.786927 0.126455
145.400000 4.783251 0.126778
145.500000 4.779647 0.127130
145.600000 4.776088 0.127513
145.700000 4.772545 0.127922
145.800000 4.768986 0.128359
145.900000 4.765384 0.128823
146.000000 4.761712 0.129320
146.100000 4.757945 0.129852
146.200000 4.754061 0.130422
146.300000 4.750041 0.131032
146.400000 4.746570 0.134460
146.500000 4.742603 0.135495
146.600000 4.738015 0.136009
146.700000 4.734181 0.139252
146.800000 4.729902 0.142225
146.900000 4.724612 0.142576
147.000000 4.719700 0.145247
147.100000 4.714958 0.150186
147.200000 4.709961 0.152441
147.300000 4.704729 0.154634
147.400000 4.699438 0.158663
147.500000 4.694004 0.164163
147.600000 4.690404 0.169752
147.700000 4.687284 0.175934
147.800000 4.683603 0.178681
147.900000 4.680965 0.182036
148.000000 4.679201 0.185820
148.100000 4.679206 0.198017
148.200000 4.678472 0.206949
148.300000 4.678360 0.215704
148.400000 4.678104 0.222346
148.500000 4.676716 0.226145
148.600000 4.680147 0.237072
148.700000 4.684507 0.248260
148.800000 4.687410 0.255636
148.900000 4.689810 0.262197
149.000000 4.693071 0.269945
149.100000 4.708454 0.258474
149.200000 4.722324 0.243750
149.300000 4.737627 0.229586
149.400000 4.752517 0.214588
149.500000 4.769300 0.199498
149.600000 4.746178 0.223178
149.700000 4.724654 0.249146
149.800000 4.700280 0.275117
149.900000 4.675279 0.301698
150.000000 4.649862 0.328683
